# Parameters:
# omega_b = 0.022270, omega_m = 0.141300, n_s = 0.968100, h = 67.392578, w = -1.000000, sigma_8 = 0.815400
# z = 0.000000
#
# k[1/Mpc] # P(k):
8.694000e-04 1.569792e+04 
2.077466e-03 3.358599e+04 
3.285532e-03 4.762151e+04 
4.493598e-03 5.845201e+04 
5.701664e-03 6.653738e+04 
6.909730e-03 7.231027e+04 
8.117797e-03 7.626554e+04 
9.325863e-03 7.865761e+04 
1.053393e-02 7.974482e+04 
1.174199e-02 7.976775e+04 
1.295006e-02 7.887942e+04 
1.415813e-02 7.728914e+04 
1.536619e-02 7.517268e+04 
1.657426e-02 7.265213e+04 
1.778233e-02 6.983723e+04 
1.899039e-02 6.689198e+04 
2.019846e-02 6.390545e+04 
2.140652e-02 6.095389e+04 
2.261459e-02 5.808031e+04 
2.382266e-02 5.533814e+04 
2.503072e-02 5.276315e+04 
2.623879e-02 5.037191e+04 
2.744685e-02 4.816923e+04 
2.865492e-02 4.616085e+04 
2.986299e-02 4.433977e+04 
3.100100e-02 4.279272e+04 
3.220400e-02 4.131971e+04 
3.288100e-02 4.056088e+04 
3.424300e-02 3.917068e+04 
3.555100e-02 3.799263e+04 
3.686000e-02 3.693462e+04 
3.795000e-02 3.613471e+04 
3.929100e-02 3.523725e+04 
4.039800e-02 3.454758e+04 
4.164000e-02 3.380708e+04 
4.294400e-02 3.305010e+04 
4.415000e-02 3.237039e+04 
4.542900e-02 3.163570e+04 
4.660900e-02 3.095230e+04 
4.782300e-02 3.022064e+04 
4.892900e-02 2.953925e+04 
5.031200e-02 2.866107e+04 
5.155900e-02 2.784453e+04 
5.238100e-02 2.729743e+04 
5.378200e-02 2.635608e+04 
5.513400e-02 2.543486e+04 
5.627600e-02 2.466063e+04 
5.735300e-02 2.394122e+04 
5.870100e-02 2.305604e+04 
5.988700e-02 2.230346e+04 
6.113500e-02 2.154320e+04 
6.225900e-02 2.088927e+04 
6.340100e-02 2.025707e+04 
6.480200e-02 1.953210e+04 
6.601100e-02 1.895370e+04 
6.725500e-02 1.840384e+04 
6.829100e-02 1.798544e+04 
6.958600e-02 1.750191e+04 
7.071100e-02 1.711899e+04 
7.192300e-02 1.674141e+04 
7.307400e-02 1.641443e+04 
7.412300e-02 1.614065e+04 
7.550400e-02 1.581360e+04 
7.663100e-02 1.556745e+04 
7.791200e-02 1.530879e+04 
7.912700e-02 1.508047e+04 
8.027600e-02 1.487288e+04 
8.138400e-02 1.467869e+04 
8.272200e-02 1.444955e+04 
8.406100e-02 1.422227e+04 
8.534100e-02 1.400233e+04 
8.653800e-02 1.379070e+04 
8.759800e-02 1.360112e+04 
8.900300e-02 1.334476e+04 
9.009000e-02 1.313944e+04 
9.113300e-02 1.293818e+04 
9.239600e-02 1.269251e+04 
9.358000e-02 1.245711e+04 
9.496100e-02 1.218118e+04 
9.608400e-02 1.195773e+04 
9.727500e-02 1.172271e+04 
9.852600e-02 1.147682e+04 
9.973800e-02 1.124516e+04 
1.009000e-01 1.102904e+04 
1.020900e-01 1.081391e+04 
1.034000e-01 1.058704e+04 
1.046000e-01 1.038866e+04 
1.057200e-01 1.021376e+04 
1.069100e-01 1.003556e+04 
1.082500e-01 9.849574e+03 
1.093900e-01 9.699692e+03 
1.105400e-01 9.554628e+03 
1.116900e-01 9.421413e+03 
1.129600e-01 9.280736e+03 
1.142000e-01 9.153096e+03 
1.153300e-01 9.042032e+03 
1.166400e-01 8.920176e+03 
1.177800e-01 8.817844e+03 
1.190000e-01 8.711461e+03 
1.201200e-01 8.617468e+03 
1.213400e-01 8.517740e+03 
1.227100e-01 8.406475e+03 
1.238900e-01 8.312463e+03 
1.250700e-01 8.218648e+03 
1.263200e-01 8.120299e+03 
1.275500e-01 8.022914e+03 
1.287500e-01 7.928960e+03 
1.299900e-01 7.832302e+03 
1.311300e-01 7.743626e+03 
1.323500e-01 7.648108e+03 
1.335900e-01 7.552425e+03 
1.347100e-01 7.466813e+03 
1.359800e-01 7.371174e+03 
1.372100e-01 7.279303e+03 
1.384300e-01 7.189795e+03 
1.395700e-01 7.107015e+03 
1.407700e-01 7.021602e+03 
1.420300e-01 6.933158e+03 
1.432800e-01 6.847316e+03 
1.444500e-01 6.769805e+03 
1.456300e-01 6.693187e+03 
1.468900e-01 6.613208e+03 
1.480500e-01 6.541107e+03 
1.491700e-01 6.473383e+03 
1.503800e-01 6.402353e+03 
1.516400e-01 6.330190e+03 
1.528200e-01 6.265337e+03 
1.540200e-01 6.200635e+03 
1.551900e-01 6.140037e+03 
1.564300e-01 6.077341e+03 
1.576600e-01 6.016579e+03 
1.588700e-01 5.958211e+03 
1.600900e-01 5.900514e+03 
1.612700e-01 5.846836e+03 
1.625400e-01 5.790128e+03 
1.637600e-01 5.736472e+03 
1.649500e-01 5.684956e+03 
1.662200e-01 5.630978e+03 
1.674000e-01 5.581750e+03 
1.685000e-01 5.536619e+03 
1.697500e-01 5.485991e+03 
1.710300e-01 5.434876e+03 
1.722200e-01 5.388189e+03 
1.734400e-01 5.340499e+03 
1.746400e-01 5.294359e+03 
1.758700e-01 5.247639e+03 
1.770900e-01 5.201621e+03 
1.782700e-01 5.157845e+03 
1.794600e-01 5.114025e+03 
1.807000e-01 5.068856e+03 
1.819100e-01 5.025506e+03 
1.830100e-01 4.986760e+03 
1.842200e-01 4.944802e+03 
1.855000e-01 4.901162e+03 
1.867000e-01 4.861258e+03 
1.879200e-01 4.821329e+03 
1.890900e-01 4.783604e+03 
1.902800e-01 4.745691e+03 
1.915200e-01 4.706798e+03 
1.926900e-01 4.670776e+03 
1.939000e-01 4.634455e+03 
1.951700e-01 4.596925e+03 
1.963100e-01 4.563856e+03 
1.975100e-01 4.529852e+03 
1.987800e-01 4.494413e+03 
2.000100e-01 4.460638e+03 
2.012500e-01 4.427157e+03 
2.023400e-01 4.398141e+03 
2.036100e-01 4.364831e+03 
2.048900e-01 4.331839e+03 
2.060400e-01 4.302626e+03 
2.072200e-01 4.273071e+03 
2.084200e-01 4.243540e+03 
2.096900e-01 4.212736e+03 
2.109200e-01 4.183335e+03 
2.121100e-01 4.155135e+03 
2.132700e-01 4.128009e+03 
2.145200e-01 4.099180e+03 
2.157200e-01 4.071830e+03 
2.168800e-01 4.045715e+03 
2.180700e-01 4.019279e+03 
2.193400e-01 3.991413e+03 
2.206000e-01 3.964081e+03 
2.217500e-01 3.939468e+03 
2.229500e-01 3.914115e+03 
2.241400e-01 3.889264e+03 
2.253500e-01 3.864322e+03 
2.264900e-01 3.841122e+03 
2.277100e-01 3.816811e+03 
2.289900e-01 3.791869e+03 
2.301500e-01 3.769558e+03 
2.313600e-01 3.746578e+03 
2.325600e-01 3.724010e+03 
2.337700e-01 3.701542e+03 
2.350000e-01 3.678992e+03 
2.362000e-01 3.657442e+03 
2.374100e-01 3.636185e+03 
2.386500e-01 3.614676e+03 
2.399100e-01 3.593099e+03 
2.410400e-01 3.573887e+03 
2.422500e-01 3.553545e+03 
2.435000e-01 3.532792e+03 
2.447300e-01 3.512727e+03 
2.458700e-01 3.494762e+03 
2.470600e-01 3.476227e+03 
2.483300e-01 3.456687e+03 
2.495600e-01 3.437947e+03 
2.507600e-01 3.419817e+03 
2.519600e-01 3.401899e+03 
2.532200e-01 3.383310e+03 
2.543700e-01 3.366584e+03 
2.555500e-01 3.349642e+03 
2.568000e-01 3.331905e+03 
2.580100e-01 3.314936e+03 
2.592400e-01 3.297944e+03 
2.604100e-01 3.281988e+03 
2.616100e-01 3.265806e+03 
2.628400e-01 3.249409e+03 
2.640600e-01 3.233379e+03 
2.652200e-01 3.218325e+03 
2.664300e-01 3.202794e+03 
2.676500e-01 3.187311e+03 
2.688400e-01 3.172197e+03 
2.700700e-01 3.156636e+03 
2.712400e-01 3.141995e+03 
2.724800e-01 3.126648e+03 
2.736700e-01 3.112112e+03 
2.748800e-01 3.097525e+03 
2.761000e-01 3.082977e+03 
2.773200e-01 3.068588e+03 
2.785400e-01 3.054271e+03 
2.797000e-01 3.040629e+03 
2.808900e-01 3.026779e+03 
2.821400e-01 3.012385e+03 
2.833900e-01 2.998145e+03 
2.845500e-01 2.984995e+03 
2.857800e-01 2.971196e+03 
2.870300e-01 2.957322e+03 
2.882100e-01 2.944361e+03 
2.893900e-01 2.931383e+03 
2.906300e-01 2.917807e+03 
2.918900e-01 2.904158e+03 
2.930500e-01 2.891720e+03 
2.942500e-01 2.878993e+03 
2.954200e-01 2.866750e+03 
2.966500e-01 2.854008e+03 
2.978900e-01 2.841293e+03 
2.990400e-01 2.829618e+03 
3.002700e-01 2.817091e+03 
3.015100e-01 2.804511e+03 
3.026800e-01 2.792757e+03 
3.038500e-01 2.781116e+03 
3.050300e-01 2.769488e+03 
3.062600e-01 2.757560e+03 
3.075000e-01 2.745654e+03 
3.087000e-01 2.734245e+03 
3.099100e-01 2.722852e+03 
3.111200e-01 2.711532e+03 
3.123100e-01 2.700444e+03 
3.135300e-01 2.689184e+03 
3.147300e-01 2.678214e+03 
3.159900e-01 2.666806e+03 
3.171800e-01 2.656086e+03 
3.183700e-01 2.645434e+03 
3.196300e-01 2.634262e+03 
3.208400e-01 2.623636e+03 
3.220300e-01 2.613281e+03 
3.232000e-01 2.603222e+03 
3.244300e-01 2.592756e+03 
3.256700e-01 2.582304e+03 
3.269200e-01 2.571867e+03 
3.280800e-01 2.562269e+03 
3.292500e-01 2.552688e+03 
3.304800e-01 2.542711e+03 
3.317100e-01 2.532826e+03 
3.328900e-01 2.523427e+03 
3.340700e-01 2.514111e+03 
3.353600e-01 2.504042e+03 
3.365300e-01 2.495001e+03 
3.377100e-01 2.485961e+03 
3.389200e-01 2.476773e+03 
3.401600e-01 2.467441e+03 
3.413700e-01 2.458425e+03 
3.425300e-01 2.449862e+03 
3.437700e-01 2.440787e+03 
3.449800e-01 2.432010e+03 
3.461800e-01 2.423382e+03 
3.473600e-01 2.414975e+03 
3.485800e-01 2.406373e+03 
3.498100e-01 2.397777e+03 
3.510200e-01 2.389393e+03 
3.522000e-01 2.381286e+03 
3.533900e-01 2.373179e+03 
3.546400e-01 2.364831e+03 
3.558400e-01 2.356891e+03 
3.570600e-01 2.348887e+03 
3.582700e-01 2.341017e+03 
3.595000e-01 2.333084e+03 
3.607100e-01 2.325302e+03 
3.618900e-01 2.317742e+03 
3.631200e-01 2.309927e+03 
3.643200e-01 2.302366e+03 
3.655500e-01 2.294681e+03 
3.667300e-01 2.287368e+03 
3.679500e-01 2.279861e+03 
3.691900e-01 2.272295e+03 
3.703600e-01 2.265214e+03 
3.715700e-01 2.257949e+03 
3.727700e-01 2.250803e+03 
3.739900e-01 2.243608e+03 
3.752000e-01 2.236548e+03 
3.763900e-01 2.229661e+03 
3.775800e-01 2.222828e+03 
3.788200e-01 2.215765e+03 
3.800300e-01 2.208929e+03 
3.812100e-01 2.202306e+03 
3.824200e-01 2.195561e+03 
3.836100e-01 2.188980e+03 
3.848600e-01 2.182122e+03 
3.860400e-01 2.175699e+03 
3.872400e-01 2.169218e+03 
3.884600e-01 2.162694e+03 
3.896500e-01 2.156385e+03 
3.908700e-01 2.149967e+03 
3.920600e-01 2.143756e+03 
3.933100e-01 2.137282e+03 
3.945300e-01 2.131014e+03 
3.957200e-01 2.124885e+03 
3.969300e-01 2.118682e+03 
3.981700e-01 2.112375e+03 
3.993500e-01 2.106419e+03 
4.094840e-01 2.057080e+03 
4.272360e-01 1.976602e+03 
4.454600e-01 1.900562e+03 
4.630560e-01 1.832879e+03 
4.804610e-01 1.770126e+03 
4.980690e-01 1.711310e+03 
5.159230e-01 1.655143e+03 
5.317440e-01 1.608582e+03 
5.489640e-01 1.560544e+03 
5.671990e-01 1.512582e+03 
5.838690e-01 1.471271e+03 
6.018840e-01 1.429056e+03 
6.202330e-01 1.387958e+03 
6.379250e-01 1.350709e+03 
6.545410e-01 1.317119e+03 
6.714560e-01 1.284482e+03 
6.892080e-01 1.251594e+03 
7.066010e-01 1.220907e+03 
7.240540e-01 1.191288e+03 
7.420450e-01 1.161731e+03 
7.593780e-01 1.134575e+03 
7.764720e-01 1.108536e+03 
7.942840e-01 1.082367e+03 
8.116170e-01 1.057911e+03 
8.288310e-01 1.034299e+03 
8.462240e-01 1.011284e+03 
8.631980e-01 9.894284e+02 
8.810700e-01 9.671666e+02 
8.989410e-01 9.456252e+02 
9.166330e-01 9.250162e+02 
9.345640e-01 9.046305e+02 
9.515980e-01 8.858699e+02 
9.688720e-01 8.673760e+02 
9.865640e-01 8.489497e+02 
1.031870e+00 8.042299e+02 
1.063490e+00 7.749485e+02 
1.097920e+00 7.444941e+02 
1.134370e+00 7.141069e+02 
1.167730e+00 6.878802e+02 
1.203830e+00 6.608019e+02 
1.240470e+00 6.349111e+02 
1.275790e+00 6.111660e+02 
1.309140e+00 5.898571e+02 
1.342970e+00 5.692860e+02 
1.378420e+00 5.487772e+02 
1.413200e+00 5.296851e+02 
1.448110e+00 5.114226e+02 
1.484090e+00 4.935002e+02 
1.518820e+00 4.770147e+02 
1.552880e+00 4.616484e+02 
1.588630e+00 4.462128e+02 
1.623230e+00 4.319327e+02 
1.657720e+00 4.183609e+02 
1.692450e+00 4.053044e+02 
1.726400e+00 3.930812e+02 
1.762200e+00 3.808060e+02 
1.797880e+00 3.690397e+02 
1.833270e+00 3.579184e+02 
1.869070e+00 3.471327e+02 
1.903200e+00 3.372658e+02 
1.937740e+00 3.276656e+02 
1.973190e+00 3.182219e+02 
2.007440e+00 3.094959e+02 
2.042160e+00 3.009827e+02 
2.077900e+00 2.925511e+02 
2.112390e+00 2.847194e+02 
2.146220e+00 2.773659e+02 
2.181600e+00 2.699043e+02 
2.216930e+00 2.627571e+02 
2.250760e+00 2.561945e+02 
2.286500e+00 2.495078e+02 
2.321770e+00 2.431203e+02 
2.355950e+00 2.371768e+02 
2.391280e+00 2.312385e+02 
2.426240e+00 2.255623e+02 
2.460670e+00 2.201728e+02 
2.495640e+00 2.148991e+02 
2.531080e+00 2.096931e+02 
2.566220e+00 2.047256e+02 
2.600830e+00 2.000120e+02 
2.635080e+00 1.955127e+02 
2.670340e+00 1.909888e+02 
2.705970e+00 1.865827e+02 
2.740040e+00 1.825112e+02 
2.774520e+00 1.785097e+02 
2.809730e+00 1.745660e+02 
2.844390e+00 1.708088e+02 
2.879960e+00 1.670647e+02 
2.914860e+00 1.634991e+02 
2.949410e+00 1.600729e+02 
2.984440e+00 1.566956e+02 
3.019760e+00 1.534020e+02 
3.054730e+00 1.502434e+02 
3.089030e+00 1.472281e+02 
3.124060e+00 1.442433e+02 
3.159560e+00 1.413141e+02 
3.194710e+00 1.384910e+02 
3.229010e+00 1.358116e+02 
3.263320e+00 1.331992e+02 
3.297930e+00 1.306399e+02 
3.332830e+00 1.281369e+02 
3.368040e+00 1.256774e+02 
3.403300e+00 1.232793e+02 
3.438450e+00 1.209608e+02 
3.473060e+00 1.187403e+02 
3.508440e+00 1.165246e+02 
3.543110e+00 1.144097e+02 
3.577470e+00 1.123637e+02 
3.613040e+00 1.103021e+02 
3.648120e+00 1.083269e+02 
3.682910e+00 1.064161e+02 
3.718050e+00 1.045317e+02 
3.753320e+00 1.026905e+02 
3.787980e+00 1.009298e+02 
3.822290e+00 9.922768e+01 
3.857020e+00 9.754388e+01 
3.891920e+00 9.589460e+01 
3.926650e+00 9.429639e+01 
3.961970e+00 9.270855e+01 
3.997360e+00 9.115296e+01 
4.031670e+00 8.968099e+01 
4.066330e+00 8.823298e+01 
4.101420e+00 8.680066e+01 
4.136200e+00 8.541855e+01 
4.170810e+00 8.407390e+01 
4.206250e+00 8.272557e+01 
4.241580e+00 8.141116e+01 
4.276300e+00 8.014610e+01 
4.310970e+00 7.890925e+01 
4.346120e+00 7.768441e+01 
4.380600e+00 7.651190e+01 
4.414730e+00 7.537577e+01 
4.450350e+00 7.422018e+01 
4.485320e+00 7.310974e+01 
4.519810e+00 7.203577e+01 
4.555430e+00 7.094899e+01 
4.590870e+00 6.989167e+01 
4.625480e+00 6.888303e+01 
4.659910e+00 6.789974e+01 
4.695230e+00 6.691524e+01 
4.729960e+00 6.596716e+01 
4.764450e+00 6.504343e+01 
4.799530e+00 6.412114e+01 
4.834910e+00 6.320933e+01 
4.869700e+00 6.233343e+01 
4.904370e+00 6.147782e+01 
4.939450e+00 6.062823e+01 
4.973940e+00 5.980766e+01 
5.008430e+00 5.900244e+01 
5.043810e+00 5.819422e+01 
5.078840e+00 5.741037e+01 
5.113500e+00 5.664916e+01 
5.148890e+00 5.588944e+01 
5.184210e+00 5.514542e+01 
5.219060e+00 5.442436e+01 
5.253660e+00 5.372032e+01 
5.288570e+00 5.302269e+01 
5.323420e+00 5.234014e+01 
5.358440e+00 5.166806e+01 
5.393590e+00 5.100544e+01 
5.428310e+00 5.036426e+01 
5.462800e+00 4.973929e+01 
5.497640e+00 4.911883e+01 
5.532670e+00 4.850479e+01 
5.567280e+00 4.790818e+01 
5.602000e+00 4.731981e+01 
5.637270e+00 4.673432e+01 
5.672410e+00 4.616137e+01 
5.707020e+00 4.560649e+01 
5.742040e+00 4.505644e+01 
5.777430e+00 4.451026e+01 
5.812210e+00 4.398236e+01 
5.846820e+00 4.346469e+01 
5.881610e+00 4.295251e+01 
5.916510e+00 4.244701e+01 
5.951600e+00 4.194644e+01 
5.986560e+00 4.145550e+01 
6.021830e+00 4.096816e+01 
6.056490e+00 4.049793e+01 
6.091160e+00 4.003584e+01 
6.125830e+00 3.958095e+01 
6.161090e+00 3.912614e+01 
6.195760e+00 3.868718e+01 
6.230420e+00 3.825507e+01 
6.265690e+00 3.782209e+01 
6.300950e+00 3.739537e+01 
6.335620e+00 3.698217e+01 
6.370880e+00 3.656831e+01 
6.405550e+00 3.616863e+01 
6.440220e+00 3.577536e+01 
6.475480e+00 3.538136e+01 
6.510150e+00 3.499952e+01 
6.544810e+00 3.462301e+01 
6.580080e+00 3.424550e+01 
6.614750e+00 3.387986e+01 
6.649410e+00 3.352097e+01 
6.684080e+00 3.316740e+01 
6.719340e+00 3.281299e+01 
6.754010e+00 3.246935e+01 
6.788680e+00 3.213016e+01 
6.823940e+00 3.179011e+01 
6.859800e+00 3.144926e+01 
6.894470e+00 3.112407e+01 
6.929140e+00 3.080329e+01 
6.963800e+00 3.048705e+01 
6.999070e+00 3.016981e+01 
7.033730e+00 2.986368e+01 
7.068400e+00 2.956164e+01 
7.103660e+00 2.925868e+01 
7.138330e+00 2.896474e+01 
7.173600e+00 2.866953e+01 
7.208260e+00 2.838336e+01 
7.243530e+00 2.809609e+01 
7.277600e+00 2.782295e+01 
7.312860e+00 2.754461e+01 
7.348120e+00 2.727001e+01 
7.382790e+00 2.700358e+01 
7.417460e+00 2.674042e+01 
7.452720e+00 2.647617e+01 
7.487390e+00 2.621976e+01 
7.522650e+00 2.596239e+01 
7.557320e+00 2.571240e+01 
7.591990e+00 2.546556e+01 
7.627250e+00 2.521775e+01 
7.662510e+00 2.497316e+01 
7.697180e+00 2.473554e+01 
7.731850e+00 2.450086e+01 
7.766510e+00 2.426920e+01 
7.801180e+00 2.404039e+01 
7.836440e+00 2.381132e+01 
7.871110e+00 2.358934e+01 
7.906380e+00 2.336634e+01 
7.941040e+00 2.314993e+01 
7.976310e+00 2.293175e+01 
8.011570e+00 2.271553e+01 
8.046240e+00 2.250557e+01 
8.080900e+00 2.229822e+01 
8.115570e+00 2.209355e+01 
8.150830e+00 2.188876e+01 
8.185500e+00 2.168985e+01 
8.220770e+00 2.148994e+01 
8.255430e+00 2.129585e+01 
8.290100e+00 2.110489e+01 
8.324770e+00 2.091628e+01 
8.359430e+00 2.072996e+01 
8.394700e+00 2.054260e+01 
8.429960e+00 2.035695e+01 
8.464630e+00 2.017598e+01 
8.499890e+00 1.999410e+01 
8.534560e+00 1.981736e+01 
8.569200e+00 1.964281e+01 
