# Parameters:
# omega_b = 0.022560, omega_m = 0.136400, n_s = 0.971000, h = 69.580078, w = -1.000000, sigma_8 = 0.820000
# z = 0.000000
#
# k[1/Mpc] # P(k):
8.694000e-04 1.678434e+04 
2.077466e-03 3.591653e+04 
3.285532e-03 5.082669e+04 
4.493598e-03 6.221079e+04 
5.701664e-03 7.059585e+04 
6.909730e-03 7.647221e+04 
8.117797e-03 8.039022e+04 
9.325863e-03 8.263403e+04 
1.053393e-02 8.348947e+04 
1.174199e-02 8.322111e+04 
1.295006e-02 8.199829e+04 
1.415813e-02 8.004973e+04 
1.536619e-02 7.756689e+04 
1.657426e-02 7.468318e+04 
1.778233e-02 7.151819e+04 
1.899039e-02 6.824740e+04 
2.019846e-02 6.496569e+04 
2.140652e-02 6.175268e+04 
2.261459e-02 5.865353e+04 
2.382266e-02 5.572230e+04 
2.503072e-02 5.299275e+04 
2.623879e-02 5.047888e+04 
2.744685e-02 4.818460e+04 
2.865492e-02 4.610992e+04 
2.986299e-02 4.424384e+04 
3.100100e-02 4.267208e+04 
3.220400e-02 4.118728e+04 
3.288100e-02 4.042764e+04 
3.424300e-02 3.904388e+04 
3.555100e-02 3.787846e+04 
3.686000e-02 3.683643e+04 
3.795000e-02 3.605012e+04 
3.929100e-02 3.516729e+04 
4.039800e-02 3.448605e+04 
4.164000e-02 3.375065e+04 
4.294400e-02 3.299071e+04 
4.415000e-02 3.230271e+04 
4.542900e-02 3.155072e+04 
4.660900e-02 3.084649e+04 
4.782300e-02 3.008618e+04 
4.892900e-02 2.937574e+04 
5.031200e-02 2.845762e+04 
5.155900e-02 2.760313e+04 
5.238100e-02 2.703106e+04 
5.378200e-02 2.604842e+04 
5.513400e-02 2.509060e+04 
5.627600e-02 2.428911e+04 
5.735300e-02 2.354768e+04 
5.870100e-02 2.264064e+04 
5.988700e-02 2.187411e+04 
6.113500e-02 2.110454e+04 
6.225900e-02 2.044707e+04 
6.340100e-02 1.981569e+04 
6.480200e-02 1.909621e+04 
6.601100e-02 1.852697e+04 
6.725500e-02 1.798963e+04 
6.829100e-02 1.758389e+04 
6.958600e-02 1.711744e+04 
7.071100e-02 1.675047e+04 
7.192300e-02 1.639044e+04 
7.307400e-02 1.607999e+04 
7.412300e-02 1.582084e+04 
7.550400e-02 1.551191e+04 
7.663100e-02 1.527938e+04 
7.791200e-02 1.503421e+04 
7.912700e-02 1.481638e+04 
8.027600e-02 1.461674e+04 
8.138400e-02 1.442845e+04 
8.272200e-02 1.420398e+04 
8.406100e-02 1.397881e+04 
8.534100e-02 1.375816e+04 
8.653800e-02 1.354390e+04 
8.759800e-02 1.335095e+04 
8.900300e-02 1.308871e+04 
9.009000e-02 1.287798e+04 
9.113300e-02 1.267107e+04 
9.239600e-02 1.241847e+04 
9.358000e-02 1.217668e+04 
9.496100e-02 1.189385e+04 
9.608400e-02 1.166549e+04 
9.727500e-02 1.142592e+04 
9.852600e-02 1.117693e+04 
9.973800e-02 1.094327e+04 
1.009000e-01 1.072604e+04 
1.020900e-01 1.051181e+04 
1.034000e-01 1.028683e+04 
1.046000e-01 1.009109e+04 
1.057200e-01 9.920127e+03 
1.069100e-01 9.746508e+03 
1.082500e-01 9.566871e+03 
1.093900e-01 9.422962e+03 
1.105400e-01 9.284182e+03 
1.116900e-01 9.157702e+03 
1.129600e-01 9.024405e+03 
1.142000e-01 8.903989e+03 
1.153300e-01 8.799231e+03 
1.166400e-01 8.684331e+03 
1.177800e-01 8.587470e+03 
1.190000e-01 8.486604e+03 
1.201200e-01 8.396643e+03 
1.213400e-01 8.301042e+03 
1.227100e-01 8.192820e+03 
1.238900e-01 8.101047e+03 
1.250700e-01 8.008399e+03 
1.263200e-01 7.910895e+03 
1.275500e-01 7.813522e+03 
1.287500e-01 7.719259e+03 
1.299900e-01 7.621782e+03 
1.311300e-01 7.532245e+03 
1.323500e-01 7.435639e+03 
1.335900e-01 7.338919e+03 
1.347100e-01 7.252444e+03 
1.359800e-01 7.156012e+03 
1.372100e-01 7.063706e+03 
1.384300e-01 6.973985e+03 
1.395700e-01 6.891489e+03 
1.407700e-01 6.806447e+03 
1.420300e-01 6.719135e+03 
1.432800e-01 6.634398e+03 
1.444500e-01 6.558569e+03 
1.456300e-01 6.483616e+03 
1.468900e-01 6.405805e+03 
1.480500e-01 6.335787e+03 
1.491700e-01 6.270165e+03 
1.503800e-01 6.201526e+03 
1.516400e-01 6.131816e+03 
1.528200e-01 6.069273e+03 
1.540200e-01 6.006875e+03 
1.551900e-01 5.948408e+03 
1.564300e-01 5.887911e+03 
1.576600e-01 5.829207e+03 
1.588700e-01 5.772728e+03 
1.600900e-01 5.716886e+03 
1.612700e-01 5.664713e+03 
1.625400e-01 5.609597e+03 
1.637600e-01 5.557302e+03 
1.649500e-01 5.507011e+03 
1.662200e-01 5.454283e+03 
1.674000e-01 5.406018e+03 
1.685000e-01 5.361769e+03 
1.697500e-01 5.312060e+03 
1.710300e-01 5.261801e+03 
1.722200e-01 5.215896e+03 
1.734400e-01 5.168931e+03 
1.746400e-01 5.123491e+03 
1.758700e-01 5.077478e+03 
1.770900e-01 5.032153e+03 
1.782700e-01 4.989037e+03 
1.794600e-01 4.945907e+03 
1.807000e-01 4.901469e+03 
1.819100e-01 4.858821e+03 
1.830100e-01 4.820764e+03 
1.842200e-01 4.779564e+03 
1.855000e-01 4.736715e+03 
1.867000e-01 4.697619e+03 
1.879200e-01 4.658498e+03 
1.890900e-01 4.621552e+03 
1.902800e-01 4.584500e+03 
1.915200e-01 4.546491e+03 
1.926900e-01 4.511306e+03 
1.939000e-01 4.475887e+03 
1.951700e-01 4.439290e+03 
1.963100e-01 4.407055e+03 
1.975100e-01 4.373946e+03 
1.987800e-01 4.339439e+03 
2.000100e-01 4.306561e+03 
2.012500e-01 4.273988e+03 
2.023400e-01 4.245759e+03 
2.036100e-01 4.213351e+03 
2.048900e-01 4.181255e+03 
2.060400e-01 4.152834e+03 
2.072200e-01 4.124080e+03 
2.084200e-01 4.095334e+03 
2.096900e-01 4.065350e+03 
2.109200e-01 4.036731e+03 
2.121100e-01 4.009256e+03 
2.132700e-01 3.982826e+03 
2.145200e-01 3.954736e+03 
2.157200e-01 3.928071e+03 
2.168800e-01 3.902603e+03 
2.180700e-01 3.876821e+03 
2.193400e-01 3.849637e+03 
2.206000e-01 3.822960e+03 
2.217500e-01 3.798936e+03 
2.229500e-01 3.774190e+03 
2.241400e-01 3.749919e+03 
2.253500e-01 3.725561e+03 
2.264900e-01 3.702902e+03 
2.277100e-01 3.679154e+03 
2.289900e-01 3.654784e+03 
2.301500e-01 3.632985e+03 
2.313600e-01 3.610532e+03 
2.325600e-01 3.588487e+03 
2.337700e-01 3.566539e+03 
2.350000e-01 3.544512e+03 
2.362000e-01 3.523462e+03 
2.374100e-01 3.502700e+03 
2.386500e-01 3.481691e+03 
2.399100e-01 3.460616e+03 
2.410400e-01 3.441860e+03 
2.422500e-01 3.422004e+03 
2.435000e-01 3.401746e+03 
2.447300e-01 3.382160e+03 
2.458700e-01 3.364630e+03 
2.470600e-01 3.346543e+03 
2.483300e-01 3.327475e+03 
2.495600e-01 3.309193e+03 
2.507600e-01 3.291511e+03 
2.519600e-01 3.274037e+03 
2.532200e-01 3.255908e+03 
2.543700e-01 3.239600e+03 
2.555500e-01 3.223086e+03 
2.568000e-01 3.205795e+03 
2.580100e-01 3.189255e+03 
2.592400e-01 3.172697e+03 
2.604100e-01 3.157153e+03 
2.616100e-01 3.141389e+03 
2.628400e-01 3.125414e+03 
2.640600e-01 3.109803e+03 
2.652200e-01 3.095145e+03 
2.664300e-01 3.080023e+03 
2.676500e-01 3.064946e+03 
2.688400e-01 3.050237e+03 
2.700700e-01 3.035098e+03 
2.712400e-01 3.020854e+03 
2.724800e-01 3.005922e+03 
2.736700e-01 2.991787e+03 
2.748800e-01 2.977606e+03 
2.761000e-01 2.963464e+03 
2.773200e-01 2.949476e+03 
2.785400e-01 2.935563e+03 
2.797000e-01 2.922316e+03 
2.808900e-01 2.908866e+03 
2.821400e-01 2.894889e+03 
2.833900e-01 2.881061e+03 
2.845500e-01 2.868305e+03 
2.857800e-01 2.854919e+03 
2.870300e-01 2.841460e+03 
2.882100e-01 2.828887e+03 
2.893900e-01 2.816308e+03 
2.906300e-01 2.803155e+03 
2.918900e-01 2.789930e+03 
2.930500e-01 2.777879e+03 
2.942500e-01 2.765551e+03 
2.954200e-01 2.753702e+03 
2.966500e-01 2.741369e+03 
2.978900e-01 2.729063e+03 
2.990400e-01 2.717763e+03 
3.002700e-01 2.705648e+03 
3.015100e-01 2.693486e+03 
3.026800e-01 2.682123e+03 
3.038500e-01 2.670868e+03 
3.050300e-01 2.659626e+03 
3.062600e-01 2.648107e+03 
3.075000e-01 2.636609e+03 
3.087000e-01 2.625590e+03 
3.099100e-01 2.614586e+03 
3.111200e-01 2.603657e+03 
3.123100e-01 2.592957e+03 
3.135300e-01 2.582091e+03 
3.147300e-01 2.571504e+03 
3.159900e-01 2.560495e+03 
3.171800e-01 2.550155e+03 
3.183700e-01 2.539884e+03 
3.196300e-01 2.529111e+03 
3.208400e-01 2.518864e+03 
3.220300e-01 2.508879e+03 
3.232000e-01 2.499183e+03 
3.244300e-01 2.489095e+03 
3.256700e-01 2.479021e+03 
3.269200e-01 2.468960e+03 
3.280800e-01 2.459709e+03 
3.292500e-01 2.450475e+03 
3.304800e-01 2.440860e+03 
3.317100e-01 2.431333e+03 
3.328900e-01 2.422275e+03 
3.340700e-01 2.413296e+03 
3.353600e-01 2.403592e+03 
3.365300e-01 2.394879e+03 
3.377100e-01 2.386168e+03 
3.389200e-01 2.377313e+03 
3.401600e-01 2.368320e+03 
3.413700e-01 2.359630e+03 
3.425300e-01 2.351376e+03 
3.437700e-01 2.342629e+03 
3.449800e-01 2.334169e+03 
3.461800e-01 2.325852e+03 
3.473600e-01 2.317748e+03 
3.485800e-01 2.309453e+03 
3.498100e-01 2.301163e+03 
3.510200e-01 2.293078e+03 
3.522000e-01 2.285261e+03 
3.533900e-01 2.277443e+03 
3.546400e-01 2.269387e+03 
3.558400e-01 2.261725e+03 
3.570600e-01 2.254002e+03 
3.582700e-01 2.246406e+03 
3.595000e-01 2.238751e+03 
3.607100e-01 2.231239e+03 
3.618900e-01 2.223940e+03 
3.631200e-01 2.216394e+03 
3.643200e-01 2.209094e+03 
3.655500e-01 2.201673e+03 
3.667300e-01 2.194613e+03 
3.679500e-01 2.187360e+03 
3.691900e-01 2.180050e+03 
3.703600e-01 2.173208e+03 
3.715700e-01 2.166190e+03 
3.727700e-01 2.159285e+03 
3.739900e-01 2.152331e+03 
3.752000e-01 2.145505e+03 
3.763900e-01 2.138846e+03 
3.775800e-01 2.132240e+03 
3.788200e-01 2.125411e+03 
3.800300e-01 2.118801e+03 
3.812100e-01 2.112395e+03 
3.824200e-01 2.105868e+03 
3.836100e-01 2.099501e+03 
3.848600e-01 2.092865e+03 
3.860400e-01 2.086650e+03 
3.872400e-01 2.080379e+03 
3.884600e-01 2.074064e+03 
3.896500e-01 2.067956e+03 
3.908700e-01 2.061743e+03 
3.920600e-01 2.055730e+03 
3.933100e-01 2.049462e+03 
3.945300e-01 2.043394e+03 
3.957200e-01 2.037458e+03 
3.969300e-01 2.031450e+03 
3.981700e-01 2.025341e+03 
3.993500e-01 2.019572e+03 
4.094840e-01 1.971771e+03 
4.272360e-01 1.893774e+03 
4.454600e-01 1.820101e+03 
4.630560e-01 1.754577e+03 
4.804610e-01 1.693901e+03 
4.980690e-01 1.637107e+03 
5.159230e-01 1.582948e+03 
5.317440e-01 1.538105e+03 
5.489640e-01 1.491911e+03 
5.671990e-01 1.445853e+03 
5.838690e-01 1.406228e+03 
6.018840e-01 1.365782e+03 
6.202330e-01 1.326460e+03 
6.379250e-01 1.290852e+03 
6.545410e-01 1.258781e+03 
6.714560e-01 1.227642e+03 
6.892080e-01 1.196297e+03 
7.066010e-01 1.167072e+03 
7.240540e-01 1.138886e+03 
7.420450e-01 1.110781e+03 
7.593780e-01 1.084974e+03 
7.764720e-01 1.060245e+03 
7.942840e-01 1.035399e+03 
8.116170e-01 1.012196e+03 
8.288310e-01 9.898019e+02 
8.462240e-01 9.679814e+02 
8.631980e-01 9.472648e+02 
8.810700e-01 9.261687e+02 
8.989410e-01 9.057586e+02 
9.166330e-01 8.862354e+02 
9.345640e-01 8.669248e+02 
9.515980e-01 8.491548e+02 
9.688720e-01 8.316372e+02 
9.865640e-01 8.141846e+02 
1.031870e+00 7.718198e+02 
1.063490e+00 7.440741e+02 
1.097920e+00 7.152084e+02 
1.134370e+00 6.863936e+02 
1.167730e+00 6.615153e+02 
1.203830e+00 6.358160e+02 
1.240470e+00 6.112313e+02 
1.275790e+00 5.886698e+02 
1.309140e+00 5.684135e+02 
1.342970e+00 5.488469e+02 
1.378420e+00 5.293292e+02 
1.413200e+00 5.111500e+02 
1.448110e+00 4.937508e+02 
1.484090e+00 4.766656e+02 
1.518820e+00 4.609416e+02 
1.552880e+00 4.462764e+02 
1.588630e+00 4.315376e+02 
1.623230e+00 4.178943e+02 
1.657720e+00 4.049215e+02 
1.692450e+00 3.924345e+02 
1.726400e+00 3.807391e+02 
1.762200e+00 3.689881e+02 
1.797880e+00 3.577179e+02 
1.833270e+00 3.470609e+02 
1.869070e+00 3.367199e+02 
1.903200e+00 3.272559e+02 
1.937740e+00 3.180434e+02 
1.973190e+00 3.089771e+02 
2.007440e+00 3.005965e+02 
2.042160e+00 2.924169e+02 
2.077900e+00 2.843118e+02 
2.112390e+00 2.767805e+02 
2.146220e+00 2.697064e+02 
2.181600e+00 2.625249e+02 
2.216930e+00 2.556434e+02 
2.250760e+00 2.493229e+02 
2.286500e+00 2.428806e+02 
2.321770e+00 2.367239e+02 
2.355950e+00 2.309935e+02 
2.391280e+00 2.252656e+02 
2.426240e+00 2.197887e+02 
2.460670e+00 2.145869e+02 
2.495640e+00 2.094953e+02 
2.531080e+00 2.044668e+02 
2.566220e+00 1.996675e+02 
2.600830e+00 1.951122e+02 
2.635080e+00 1.907630e+02 
2.670340e+00 1.863879e+02 
2.705970e+00 1.821256e+02 
2.740040e+00 1.781860e+02 
2.774520e+00 1.743131e+02 
2.809730e+00 1.704949e+02 
2.844390e+00 1.668565e+02 
2.879960e+00 1.632298e+02 
2.914860e+00 1.597748e+02 
2.949410e+00 1.564542e+02 
2.984440e+00 1.531800e+02 
3.019760e+00 1.499861e+02 
3.054730e+00 1.469226e+02 
3.089030e+00 1.439971e+02 
3.124060e+00 1.411007e+02 
3.159560e+00 1.382576e+02 
3.194710e+00 1.355167e+02 
3.229010e+00 1.329149e+02 
3.263320e+00 1.303774e+02 
3.297930e+00 1.278911e+02 
3.332830e+00 1.254588e+02 
3.368040e+00 1.230684e+02 
3.403300e+00 1.207372e+02 
3.438450e+00 1.184828e+02 
3.473060e+00 1.163235e+02 
3.508440e+00 1.141681e+02 
3.543110e+00 1.121105e+02 
3.577470e+00 1.101194e+02 
3.613040e+00 1.081130e+02 
3.648120e+00 1.061902e+02 
3.682910e+00 1.043298e+02 
3.718050e+00 1.024946e+02 
3.753320e+00 1.007014e+02 
3.787980e+00 9.898626e+01 
3.822290e+00 9.732785e+01 
3.857020e+00 9.568699e+01 
3.891920e+00 9.407957e+01 
3.926650e+00 9.252165e+01 
3.961970e+00 9.097364e+01 
3.997360e+00 8.945673e+01 
4.031670e+00 8.802124e+01 
4.066330e+00 8.660886e+01 
4.101420e+00 8.521167e+01 
4.136200e+00 8.386314e+01 
4.170810e+00 8.255108e+01 
4.206250e+00 8.123514e+01 
4.241580e+00 7.995220e+01 
4.276300e+00 7.871722e+01 
4.310970e+00 7.750963e+01 
4.346120e+00 7.631362e+01 
4.380600e+00 7.516854e+01 
4.414730e+00 7.405891e+01 
4.450350e+00 7.293003e+01 
4.485320e+00 7.184521e+01 
4.519810e+00 7.079584e+01 
4.555430e+00 6.973387e+01 
4.590870e+00 6.870058e+01 
4.625480e+00 6.771470e+01 
4.659910e+00 6.675356e+01 
4.695230e+00 6.579107e+01 
4.729960e+00 6.486413e+01 
4.764450e+00 6.396087e+01 
4.799530e+00 6.305887e+01 
4.834910e+00 6.216709e+01 
4.869700e+00 6.131033e+01 
4.904370e+00 6.047337e+01 
4.939450e+00 5.964222e+01 
4.973940e+00 5.883930e+01 
5.008430e+00 5.805137e+01 
5.043810e+00 5.726042e+01 
5.078840e+00 5.649324e+01 
5.113500e+00 5.574820e+01 
5.148890e+00 5.500450e+01 
5.184210e+00 5.427612e+01 
5.219060e+00 5.357017e+01 
5.253660e+00 5.288077e+01 
5.288570e+00 5.219763e+01 
5.323420e+00 5.152919e+01 
5.358440e+00 5.087094e+01 
5.393590e+00 5.022193e+01 
5.428310e+00 4.959384e+01 
5.462800e+00 4.898159e+01 
5.497640e+00 4.837373e+01 
5.532670e+00 4.777209e+01 
5.567280e+00 4.718749e+01 
5.602000e+00 4.661094e+01 
5.637270e+00 4.603714e+01 
5.672410e+00 4.547558e+01 
5.707020e+00 4.493173e+01 
5.742040e+00 4.439252e+01 
5.777430e+00 4.385709e+01 
5.812210e+00 4.333956e+01 
5.846820e+00 4.283199e+01 
5.881610e+00 4.232979e+01 
5.916510e+00 4.183412e+01 
5.951600e+00 4.134321e+01 
5.986560e+00 4.086172e+01 
6.021830e+00 4.038373e+01 
6.056490e+00 3.992249e+01 
6.091160e+00 3.946919e+01 
6.125830e+00 3.902294e+01 
6.161090e+00 3.857675e+01 
6.195760e+00 3.814605e+01 
6.230420e+00 3.772206e+01 
6.265690e+00 3.729720e+01 
6.300950e+00 3.687842e+01 
6.335620e+00 3.647290e+01 
6.370880e+00 3.606671e+01 
6.405550e+00 3.567442e+01 
6.440220e+00 3.528839e+01 
6.475480e+00 3.490164e+01 
6.510150e+00 3.452680e+01 
6.544810e+00 3.415713e+01 
6.580080e+00 3.378647e+01 
6.614750e+00 3.342745e+01 
6.649410e+00 3.307502e+01 
6.684080e+00 3.272781e+01 
6.719340e+00 3.237976e+01 
6.754010e+00 3.204226e+01 
6.788680e+00 3.170910e+01 
6.823940e+00 3.137509e+01 
6.859800e+00 3.104028e+01 
6.894470e+00 3.072081e+01 
6.929140e+00 3.040565e+01 
6.963800e+00 3.009495e+01 
6.999070e+00 2.978325e+01 
7.033730e+00 2.948243e+01 
7.068400e+00 2.918563e+01 
7.103660e+00 2.888791e+01 
7.138330e+00 2.859903e+01 
7.173600e+00 2.830888e+01 
7.208260e+00 2.802760e+01 
7.243530e+00 2.774522e+01 
7.277600e+00 2.747672e+01 
7.312860e+00 2.720309e+01 
7.348120e+00 2.693312e+01 
7.382790e+00 2.667119e+01 
7.417460e+00 2.641243e+01 
7.452720e+00 2.615259e+01 
7.487390e+00 2.590044e+01 
7.522650e+00 2.564734e+01 
7.557320e+00 2.540148e+01 
7.591990e+00 2.515870e+01 
7.627250e+00 2.491496e+01 
7.662510e+00 2.467438e+01 
7.697180e+00 2.444064e+01 
7.731850e+00 2.420976e+01 
7.766510e+00 2.398185e+01 
7.801180e+00 2.375674e+01 
7.836440e+00 2.353135e+01 
7.871110e+00 2.331292e+01 
7.906380e+00 2.309349e+01 
7.941040e+00 2.288052e+01 
7.976310e+00 2.266581e+01 
8.011570e+00 2.245301e+01 
8.046240e+00 2.224636e+01 
8.080900e+00 2.204227e+01 
8.115570e+00 2.184081e+01 
8.150830e+00 2.163921e+01 
8.185500e+00 2.144338e+01 
8.220770e+00 2.124656e+01 
8.255430e+00 2.105548e+01 
8.290100e+00 2.086745e+01 
8.324770e+00 2.068174e+01 
8.359430e+00 2.049826e+01 
8.394700e+00 2.031377e+01 
8.429960e+00 2.013095e+01 
8.464630e+00 1.995271e+01 
8.499890e+00 1.977356e+01 
8.534560e+00 1.959948e+01 
8.569200e+00 1.942756e+01 
