# Parameters:
# omega_b = 0.022560, omega_m = 0.136400, n_s = 0.971000, h = 69.700000, w = -1.000000, sigma_8 = 0.820000
# z = 0.000000
#
# k[1/Mpc] # P(k):
8.694000e-04 1.662985e+04 
2.077466e-03 3.564266e+04 
3.285532e-03 5.045944e+04 
4.493598e-03 6.177964e+04 
5.701664e-03 7.010809e+04 
6.909730e-03 7.593932e+04 
8.117797e-03 7.982733e+04 
9.325863e-03 8.205574e+04 
1.053393e-02 8.290615e+04 
1.174199e-02 8.263815e+04 
1.295006e-02 8.141910e+04 
1.415813e-02 7.947769e+04 
1.536619e-02 7.700483e+04 
1.657426e-02 7.413326e+04 
1.778233e-02 7.097616e+04 
1.899039e-02 6.770091e+04 
2.019846e-02 6.441393e+04 
2.140652e-02 6.120525e+04 
2.261459e-02 5.811720e+04 
2.382266e-02 5.520014e+04 
2.503072e-02 5.248652e+04 
2.623879e-02 4.998981e+04 
2.744685e-02 4.771380e+04 
2.865492e-02 4.565777e+04 
2.986299e-02 4.381035e+04 
3.100100e-02 4.225601e+04 
3.220400e-02 4.078918e+04 
3.288100e-02 4.003939e+04 
3.424300e-02 3.867457e+04 
3.555100e-02 3.752599e+04 
3.686000e-02 3.649948e+04 
3.795000e-02 3.572497e+04 
3.929100e-02 3.485511e+04 
4.039800e-02 3.418331e+04 
4.164000e-02 3.345738e+04 
4.294400e-02 3.270585e+04 
4.415000e-02 3.202459e+04 
4.542900e-02 3.127871e+04 
4.660900e-02 3.057952e+04 
4.782300e-02 2.982382e+04 
4.892900e-02 2.911741e+04 
5.031200e-02 2.820424e+04 
5.155900e-02 2.735435e+04 
5.238100e-02 2.678548e+04 
5.378200e-02 2.580863e+04 
5.513400e-02 2.485700e+04 
5.627600e-02 2.406119e+04 
5.735300e-02 2.332544e+04 
5.870100e-02 2.242592e+04 
5.988700e-02 2.166625e+04 
6.113500e-02 2.090405e+04 
6.225900e-02 2.025328e+04 
6.340100e-02 1.962869e+04 
6.480200e-02 1.891729e+04 
6.601100e-02 1.835477e+04 
6.725500e-02 1.782402e+04 
6.829100e-02 1.742344e+04 
6.958600e-02 1.696304e+04 
7.071100e-02 1.660093e+04 
7.192300e-02 1.624574e+04 
7.307400e-02 1.593952e+04 
7.412300e-02 1.568392e+04 
7.550400e-02 1.537921e+04 
7.663100e-02 1.514982e+04 
7.791200e-02 1.490788e+04 
7.912700e-02 1.469278e+04 
8.027600e-02 1.449551e+04 
8.138400e-02 1.430932e+04 
8.272200e-02 1.408716e+04 
8.406100e-02 1.386409e+04 
8.534100e-02 1.364523e+04 
8.653800e-02 1.343251e+04 
8.759800e-02 1.324082e+04 
8.900300e-02 1.298017e+04 
9.009000e-02 1.277062e+04 
9.113300e-02 1.256481e+04 
9.239600e-02 1.231352e+04 
9.358000e-02 1.207299e+04 
9.496100e-02 1.179168e+04 
9.608400e-02 1.156462e+04 
9.727500e-02 1.132646e+04 
9.852600e-02 1.107912e+04 
9.973800e-02 1.084710e+04 
1.009000e-01 1.063147e+04 
1.020900e-01 1.041901e+04 
1.034000e-01 1.019598e+04 
1.046000e-01 1.000201e+04 
1.057200e-01 9.832717e+03 
1.069100e-01 9.660821e+03 
1.082500e-01 9.483045e+03 
1.093900e-01 9.340649e+03 
1.105400e-01 9.203341e+03 
1.116900e-01 9.078204e+03 
1.129600e-01 8.946316e+03 
1.142000e-01 8.827143e+03 
1.153300e-01 8.723449e+03 
1.166400e-01 8.609687e+03 
1.177800e-01 8.513750e+03 
1.190000e-01 8.413828e+03 
1.201200e-01 8.324669e+03 
1.213400e-01 8.229913e+03 
1.227100e-01 8.122610e+03 
1.238900e-01 8.031612e+03 
1.250700e-01 7.939730e+03 
1.263200e-01 7.843030e+03 
1.275500e-01 7.746452e+03 
1.287500e-01 7.652956e+03 
1.299900e-01 7.556268e+03 
1.311300e-01 7.467456e+03 
1.323500e-01 7.371632e+03 
1.335900e-01 7.275693e+03 
1.347100e-01 7.189916e+03 
1.359800e-01 7.094261e+03 
1.372100e-01 7.002697e+03 
1.384300e-01 6.913697e+03 
1.395700e-01 6.831867e+03 
1.407700e-01 6.747511e+03 
1.420300e-01 6.660904e+03 
1.432800e-01 6.576850e+03 
1.444500e-01 6.501638e+03 
1.456300e-01 6.427295e+03 
1.468900e-01 6.350125e+03 
1.480500e-01 6.280687e+03 
1.491700e-01 6.215613e+03 
1.503800e-01 6.147552e+03 
1.516400e-01 6.078430e+03 
1.528200e-01 6.016425e+03 
1.540200e-01 5.954563e+03 
1.551900e-01 5.896608e+03 
1.564300e-01 5.836643e+03 
1.576600e-01 5.778457e+03 
1.588700e-01 5.722480e+03 
1.600900e-01 5.667134e+03 
1.612700e-01 5.615424e+03 
1.625400e-01 5.560796e+03 
1.637600e-01 5.508958e+03 
1.649500e-01 5.459103e+03 
1.662200e-01 5.406829e+03 
1.674000e-01 5.358965e+03 
1.685000e-01 5.315084e+03 
1.697500e-01 5.265778e+03 
1.710300e-01 5.215918e+03 
1.722200e-01 5.170376e+03 
1.734400e-01 5.123764e+03 
1.746400e-01 5.078663e+03 
1.758700e-01 5.032989e+03 
1.770900e-01 4.987987e+03 
1.782700e-01 4.945178e+03 
1.794600e-01 4.902351e+03 
1.807000e-01 4.858220e+03 
1.819100e-01 4.815868e+03 
1.830100e-01 4.778074e+03 
1.842200e-01 4.737159e+03 
1.855000e-01 4.694607e+03 
1.867000e-01 4.655787e+03 
1.879200e-01 4.616943e+03 
1.890900e-01 4.580260e+03 
1.902800e-01 4.543486e+03 
1.915200e-01 4.505762e+03 
1.926900e-01 4.470845e+03 
1.939000e-01 4.435710e+03 
1.951700e-01 4.399406e+03 
1.963100e-01 4.367436e+03 
1.975100e-01 4.334616e+03 
1.987800e-01 4.300409e+03 
2.000100e-01 4.267825e+03 
2.012500e-01 4.235560e+03 
2.023400e-01 4.207598e+03 
2.036100e-01 4.175503e+03 
2.048900e-01 4.143740e+03 
2.060400e-01 4.115615e+03 
2.072200e-01 4.087162e+03 
2.084200e-01 4.058753e+03 
2.096900e-01 4.029121e+03 
2.109200e-01 4.000838e+03 
2.121100e-01 3.973738e+03 
2.132700e-01 3.947672e+03 
2.145200e-01 3.919970e+03 
2.157200e-01 3.893735e+03 
2.168800e-01 3.868707e+03 
2.180700e-01 3.843370e+03 
2.193400e-01 3.816708e+03 
2.206000e-01 3.790639e+03 
2.217500e-01 3.767161e+03 
2.229500e-01 3.742979e+03 
2.241400e-01 3.719455e+03 
2.253500e-01 3.695850e+03 
2.264900e-01 3.673893e+03 
2.277100e-01 3.651009e+03 
2.289900e-01 3.627672e+03 
2.301500e-01 3.606797e+03 
2.313600e-01 3.585299e+03 
2.325600e-01 3.564474e+03 
2.337700e-01 3.543741e+03 
2.350000e-01 3.522935e+03 
2.362000e-01 3.503189e+03 
2.374100e-01 3.483878e+03 
2.386500e-01 3.464339e+03 
2.399100e-01 3.444740e+03 
2.410400e-01 3.427482e+03 
2.422500e-01 3.409237e+03 
2.435000e-01 3.390623e+03 
2.447300e-01 3.372663e+03 
2.458700e-01 3.356724e+03 
2.470600e-01 3.340281e+03 
2.483300e-01 3.322949e+03 
2.495600e-01 3.306335e+03 
2.507600e-01 3.290271e+03 
2.519600e-01 3.274398e+03 
2.532200e-01 3.257933e+03 
2.543700e-01 3.243065e+03 
2.555500e-01 3.227971e+03 
2.568000e-01 3.212170e+03 
2.580100e-01 3.197056e+03 
2.592400e-01 3.181797e+03 
2.604100e-01 3.167414e+03 
2.616100e-01 3.152830e+03 
2.628400e-01 3.138053e+03 
2.640600e-01 3.123439e+03 
2.652200e-01 3.109648e+03 
2.664300e-01 3.095422e+03 
2.676500e-01 3.081241e+03 
2.688400e-01 3.067241e+03 
2.700700e-01 3.052731e+03 
2.712400e-01 3.039080e+03 
2.724800e-01 3.024771e+03 
2.736700e-01 3.011118e+03 
2.748800e-01 2.997312e+03 
2.761000e-01 2.983543e+03 
2.773200e-01 2.969925e+03 
2.785400e-01 2.956324e+03 
2.797000e-01 2.943253e+03 
2.808900e-01 2.929983e+03 
2.821400e-01 2.916192e+03 
2.833900e-01 2.902544e+03 
2.845500e-01 2.889839e+03 
2.857800e-01 2.876507e+03 
2.870300e-01 2.863102e+03 
2.882100e-01 2.850579e+03 
2.893900e-01 2.837998e+03 
2.906300e-01 2.824812e+03 
2.918900e-01 2.811556e+03 
2.930500e-01 2.799476e+03 
2.942500e-01 2.787107e+03 
2.954200e-01 2.775180e+03 
2.966500e-01 2.762767e+03 
2.978900e-01 2.750381e+03 
2.990400e-01 2.739008e+03 
3.002700e-01 2.726792e+03 
3.015100e-01 2.714520e+03 
3.026800e-01 2.703053e+03 
3.038500e-01 2.691696e+03 
3.050300e-01 2.680352e+03 
3.062600e-01 2.668708e+03 
3.075000e-01 2.657087e+03 
3.087000e-01 2.645949e+03 
3.099100e-01 2.634827e+03 
3.111200e-01 2.623776e+03 
3.123100e-01 2.612950e+03 
3.135300e-01 2.601956e+03 
3.147300e-01 2.591245e+03 
3.159900e-01 2.580107e+03 
3.171800e-01 2.569642e+03 
3.183700e-01 2.559244e+03 
3.196300e-01 2.548339e+03 
3.208400e-01 2.537966e+03 
3.220300e-01 2.527858e+03 
3.232000e-01 2.518040e+03 
3.244300e-01 2.507825e+03 
3.256700e-01 2.497623e+03 
3.269200e-01 2.487435e+03 
3.280800e-01 2.478067e+03 
3.292500e-01 2.468716e+03 
3.304800e-01 2.458979e+03 
3.317100e-01 2.449331e+03 
3.328900e-01 2.440157e+03 
3.340700e-01 2.431065e+03 
3.353600e-01 2.421239e+03 
3.365300e-01 2.412417e+03 
3.377100e-01 2.403597e+03 
3.389200e-01 2.394631e+03 
3.401600e-01 2.385525e+03 
3.413700e-01 2.376729e+03 
3.425300e-01 2.368374e+03 
3.437700e-01 2.359521e+03 
3.449800e-01 2.350958e+03 
3.461800e-01 2.342539e+03 
3.473600e-01 2.334338e+03 
3.485800e-01 2.325946e+03 
3.498100e-01 2.317559e+03 
3.510200e-01 2.309380e+03 
3.522000e-01 2.301471e+03 
3.533900e-01 2.293561e+03 
3.546400e-01 2.285415e+03 
3.558400e-01 2.277668e+03 
3.570600e-01 2.269858e+03 
3.582700e-01 2.262177e+03 
3.595000e-01 2.254436e+03 
3.607100e-01 2.246844e+03 
3.618900e-01 2.239468e+03 
3.631200e-01 2.231843e+03 
3.643200e-01 2.224466e+03 
3.655500e-01 2.216967e+03 
3.667300e-01 2.209832e+03 
3.679500e-01 2.202508e+03 
3.691900e-01 2.195126e+03 
3.703600e-01 2.188217e+03 
3.715700e-01 2.181128e+03 
3.727700e-01 2.174156e+03 
3.739900e-01 2.167134e+03 
3.752000e-01 2.160245e+03 
3.763900e-01 2.153523e+03 
3.775800e-01 2.146855e+03 
3.788200e-01 2.139962e+03 
3.800300e-01 2.133291e+03 
3.812100e-01 2.126826e+03 
3.824200e-01 2.120243e+03 
3.836100e-01 2.113819e+03 
3.848600e-01 2.107125e+03 
3.860400e-01 2.100856e+03 
3.872400e-01 2.094530e+03 
3.884600e-01 2.088161e+03 
3.896500e-01 2.082002e+03 
3.908700e-01 2.075737e+03 
3.920600e-01 2.069673e+03 
3.933100e-01 2.063353e+03 
3.945300e-01 2.057233e+03 
3.957200e-01 2.051249e+03 
3.969300e-01 2.045194e+03 
3.981700e-01 2.039036e+03 
3.993500e-01 2.033221e+03 
4.094840e-01 1.985041e+03 
4.272360e-01 1.906436e+03 
4.454600e-01 1.832162e+03 
4.630560e-01 1.766058e+03 
4.804610e-01 1.704785e+03 
4.980690e-01 1.647371e+03 
5.159230e-01 1.592564e+03 
5.317440e-01 1.547143e+03 
5.489640e-01 1.500311e+03 
5.671990e-01 1.453580e+03 
5.838690e-01 1.413352e+03 
6.018840e-01 1.372271e+03 
6.202330e-01 1.332320e+03 
6.379250e-01 1.296137e+03 
6.545410e-01 1.263546e+03 
6.714560e-01 1.231907e+03 
6.892080e-01 1.200067e+03 
7.066010e-01 1.170389e+03 
7.240540e-01 1.141778e+03 
7.420450e-01 1.113268e+03 
7.593780e-01 1.087103e+03 
7.764720e-01 1.062046e+03 
7.942840e-01 1.036887e+03 
8.116170e-01 1.013409e+03 
8.288310e-01 9.907646e+02 
8.462240e-01 9.687160e+02 
8.631980e-01 9.477979e+02 
8.810700e-01 9.265109e+02 
8.989410e-01 9.059302e+02 
9.166330e-01 8.862571e+02 
9.345640e-01 8.668119e+02 
9.515980e-01 8.489294e+02 
9.688720e-01 8.313118e+02 
9.865640e-01 8.137707e+02 
1.031870e+00 7.712286e+02 
1.063490e+00 7.433983e+02 
1.097920e+00 7.144693e+02 
1.134370e+00 6.856132e+02 
1.167730e+00 6.607160e+02 
1.203830e+00 6.350149e+02 
1.240470e+00 6.104402e+02 
1.275790e+00 5.879004e+02 
1.309140e+00 5.676699e+02 
1.342970e+00 5.481370e+02 
1.378420e+00 5.286571e+02 
1.413200e+00 5.105187e+02 
1.448110e+00 4.931623e+02 
1.484090e+00 4.761219e+02 
1.518820e+00 4.604419e+02 
1.552880e+00 4.458200e+02 
1.588630e+00 4.311260e+02 
1.623230e+00 4.175251e+02 
1.657720e+00 4.045935e+02 
1.692450e+00 3.921468e+02 
1.726400e+00 3.804898e+02 
1.762200e+00 3.687778e+02 
1.797880e+00 3.575447e+02 
1.833270e+00 3.469231e+02 
1.869070e+00 3.366163e+02 
1.903200e+00 3.271832e+02 
1.937740e+00 3.180008e+02 
1.973190e+00 3.089638e+02 
2.007440e+00 3.006100e+02 
2.042160e+00 2.924561e+02 
2.077900e+00 2.843763e+02 
2.112390e+00 2.768680e+02 
2.146220e+00 2.698152e+02 
2.181600e+00 2.626548e+02 
2.216930e+00 2.557931e+02 
2.250760e+00 2.494905e+02 
2.286500e+00 2.430660e+02 
2.321770e+00 2.369259e+02 
2.355950e+00 2.312106e+02 
2.391280e+00 2.254973e+02 
2.426240e+00 2.200339e+02 
2.460670e+00 2.148446e+02 
2.495640e+00 2.097649e+02 
2.531080e+00 2.047477e+02 
2.566220e+00 1.999587e+02 
2.600830e+00 1.954131e+02 
2.635080e+00 1.910727e+02 
2.670340e+00 1.867060e+02 
2.705970e+00 1.824516e+02 
2.740040e+00 1.785190e+02 
2.774520e+00 1.746526e+02 
2.809730e+00 1.708407e+02 
2.844390e+00 1.672079e+02 
2.879960e+00 1.635865e+02 
2.914860e+00 1.601362e+02 
2.949410e+00 1.568200e+02 
2.984440e+00 1.535496e+02 
3.019760e+00 1.503593e+02 
3.054730e+00 1.472991e+02 
3.089030e+00 1.443764e+02 
3.124060e+00 1.414826e+02 
3.159560e+00 1.386418e+02 
3.194710e+00 1.359029e+02 
3.229010e+00 1.333029e+02 
3.263320e+00 1.307668e+02 
3.297930e+00 1.282817e+02 
3.332830e+00 1.258504e+02 
3.368040e+00 1.234608e+02 
3.403300e+00 1.211303e+02 
3.438450e+00 1.188763e+02 
3.473060e+00 1.167173e+02 
3.508440e+00 1.145620e+02 
3.543110e+00 1.125044e+02 
3.577470e+00 1.105131e+02 
3.613040e+00 1.085063e+02 
3.648120e+00 1.065830e+02 
3.682910e+00 1.047220e+02 
3.718050e+00 1.028861e+02 
3.753320e+00 1.010920e+02 
3.787980e+00 9.937600e+01 
3.822290e+00 9.771661e+01 
3.857020e+00 9.607464e+01 
3.891920e+00 9.446605e+01 
3.926650e+00 9.290691e+01 
3.961970e+00 9.135759e+01 
3.997360e+00 8.983925e+01 
4.031670e+00 8.840236e+01 
4.066330e+00 8.698848e+01 
4.101420e+00 8.558978e+01 
4.136200e+00 8.423967e+01 
4.170810e+00 8.292604e+01 
4.206250e+00 8.160839e+01 
4.241580e+00 8.032374e+01 
4.276300e+00 7.908701e+01 
4.310970e+00 7.787765e+01 
4.346120e+00 7.667982e+01 
4.380600e+00 7.553293e+01 
4.414730e+00 7.442152e+01 
4.450350e+00 7.329073e+01 
4.485320e+00 7.220404e+01 
4.519810e+00 7.115279e+01 
4.555430e+00 7.008886e+01 
4.590870e+00 6.905362e+01 
4.625480e+00 6.806584e+01 
4.659910e+00 6.710281e+01 
4.695230e+00 6.613835e+01 
4.729960e+00 6.520949e+01 
4.764450e+00 6.430431e+01 
4.799530e+00 6.340034e+01 
4.834910e+00 6.250658e+01 
4.869700e+00 6.164787e+01 
4.904370e+00 6.080898e+01 
4.939450e+00 5.997588e+01 
4.973940e+00 5.917101e+01 
5.008430e+00 5.838115e+01 
5.043810e+00 5.758822e+01 
5.078840e+00 5.681909e+01 
5.113500e+00 5.607214e+01 
5.148890e+00 5.532648e+01 
5.184210e+00 5.459618e+01 
5.219060e+00 5.388832e+01 
5.253660e+00 5.319702e+01 
5.288570e+00 5.251198e+01 
5.323420e+00 5.184166e+01 
5.358440e+00 5.118151e+01 
5.393590e+00 5.053062e+01 
5.428310e+00 4.990069e+01 
5.462800e+00 4.928661e+01 
5.497640e+00 4.867693e+01 
5.532670e+00 4.807345e+01 
5.567280e+00 4.748704e+01 
5.602000e+00 4.690868e+01 
5.637270e+00 4.633306e+01 
5.672410e+00 4.576970e+01 
5.707020e+00 4.522409e+01 
5.742040e+00 4.468312e+01 
5.777430e+00 4.414592e+01 
5.812210e+00 4.362666e+01 
5.846820e+00 4.311737e+01 
5.881610e+00 4.261344e+01 
5.916510e+00 4.211606e+01 
5.951600e+00 4.162342e+01 
5.986560e+00 4.114022e+01 
6.021830e+00 4.066052e+01 
6.056490e+00 4.019761e+01 
6.091160e+00 3.974265e+01 
6.125830e+00 3.929476e+01 
6.161090e+00 3.884691e+01 
6.195760e+00 3.841460e+01 
6.230420e+00 3.798900e+01 
6.265690e+00 3.756253e+01 
6.300950e+00 3.714212e+01 
6.335620e+00 3.673501e+01 
6.370880e+00 3.632723e+01 
6.405550e+00 3.593338e+01 
6.440220e+00 3.554580e+01 
6.475480e+00 3.515749e+01 
6.510150e+00 3.478112e+01 
6.544810e+00 3.440993e+01 
6.580080e+00 3.403773e+01 
6.614750e+00 3.367721e+01 
6.649410e+00 3.332329e+01 
6.684080e+00 3.297460e+01 
6.719340e+00 3.262506e+01 
6.754010e+00 3.228610e+01 
6.788680e+00 3.195148e+01 
6.823940e+00 3.161600e+01 
6.859800e+00 3.127970e+01 
6.894470e+00 3.095880e+01 
6.929140e+00 3.064221e+01 
6.963800e+00 3.033008e+01 
6.999070e+00 3.001696e+01 
7.033730e+00 2.971474e+01 
7.068400e+00 2.941655e+01 
7.103660e+00 2.911744e+01 
7.138330e+00 2.882719e+01 
7.173600e+00 2.853564e+01 
7.208260e+00 2.825301e+01 
7.243530e+00 2.796926e+01 
7.277600e+00 2.769944e+01 
7.312860e+00 2.742446e+01 
7.348120e+00 2.715316e+01 
7.382790e+00 2.688991e+01 
7.417460e+00 2.662985e+01 
7.452720e+00 2.636868e+01 
7.487390e+00 2.611524e+01 
7.522650e+00 2.586084e+01 
7.557320e+00 2.561370e+01 
7.591990e+00 2.536964e+01 
7.627250e+00 2.512462e+01 
7.662510e+00 2.488276e+01 
7.697180e+00 2.464775e+01 
7.731850e+00 2.441563e+01 
7.766510e+00 2.418648e+01 
7.801180e+00 2.396014e+01 
7.836440e+00 2.373350e+01 
7.871110e+00 2.351386e+01 
7.906380e+00 2.329319e+01 
7.941040e+00 2.307904e+01 
7.976310e+00 2.286310e+01 
8.011570e+00 2.264908e+01 
8.046240e+00 2.244123e+01 
8.080900e+00 2.223596e+01 
8.115570e+00 2.203332e+01 
8.150830e+00 2.183053e+01 
8.185500e+00 2.163354e+01 
8.220770e+00 2.143555e+01 
8.255430e+00 2.124333e+01 
8.290100e+00 2.105416e+01 
8.324770e+00 2.086732e+01 
8.359430e+00 2.068273e+01 
8.394700e+00 2.049711e+01 
8.429960e+00 2.031315e+01 
8.464630e+00 2.013379e+01 
8.499890e+00 1.995352e+01 
8.534560e+00 1.977834e+01 
8.569200e+00 1.960533e+01 
