# Parameters:
# omega_b = 0.022200, omega_m = 0.150900, n_s = 0.968000, h = 67.800000, w = -1.000000, sigma_8 = 0.815000
# z = 0.000000
#
# k[1/Mpc] # P(k):
8.694000e-04 1.276537e+04 
2.077466e-03 2.753052e+04 
3.285532e-03 3.930552e+04 
4.493598e-03 4.857364e+04 
5.701664e-03 5.565661e+04 
6.909730e-03 6.087222e+04 
8.117797e-03 6.460140e+04 
9.325863e-03 6.703850e+04 
1.053393e-02 6.838448e+04 
1.174199e-02 6.882888e+04 
1.295006e-02 6.849113e+04 
1.415813e-02 6.753930e+04 
1.536619e-02 6.611595e+04 
1.657426e-02 6.436124e+04 
1.778233e-02 6.250505e+04 
1.899039e-02 6.059735e+04 
2.019846e-02 5.841636e+04 
2.140652e-02 5.603398e+04 
2.261459e-02 5.362315e+04 
2.382266e-02 5.128627e+04 
2.503072e-02 4.906681e+04 
2.623879e-02 4.698370e+04 
2.744685e-02 4.504291e+04 
2.865492e-02 4.325617e+04 
2.986299e-02 4.162143e+04 
3.100100e-02 4.022029e+04 
3.220400e-02 3.887613e+04 
3.288100e-02 3.817948e+04 
3.424300e-02 3.689773e+04 
3.555100e-02 3.580771e+04 
3.686000e-02 3.482716e+04 
3.795000e-02 3.408658e+04 
3.929100e-02 3.325920e+04 
4.039800e-02 3.262751e+04 
4.164000e-02 3.195342e+04 
4.294400e-02 3.127170e+04 
4.415000e-02 3.066391e+04 
4.542900e-02 3.001183e+04 
4.660900e-02 2.940719e+04 
4.782300e-02 2.876157e+04 
4.892900e-02 2.815959e+04 
5.031200e-02 2.738171e+04 
5.155900e-02 2.665498e+04 
5.238100e-02 2.616579e+04 
5.378200e-02 2.531962e+04 
5.513400e-02 2.448470e+04 
5.627600e-02 2.377780e+04 
5.735300e-02 2.311669e+04 
5.870100e-02 2.229713e+04 
5.988700e-02 2.159534e+04 
6.113500e-02 2.088153e+04 
6.225900e-02 2.026324e+04 
6.340100e-02 1.966166e+04 
6.480200e-02 1.896782e+04 
6.601100e-02 1.841027e+04 
6.725500e-02 1.787717e+04 
6.829100e-02 1.746913e+04 
6.958600e-02 1.699576e+04 
7.071100e-02 1.661918e+04 
7.192300e-02 1.624666e+04 
7.307400e-02 1.592325e+04 
7.412300e-02 1.565211e+04 
7.550400e-02 1.532817e+04 
7.663100e-02 1.508471e+04 
7.791200e-02 1.483005e+04 
7.912700e-02 1.460696e+04 
8.027600e-02 1.440577e+04 
8.138400e-02 1.421914e+04 
8.272200e-02 1.400124e+04 
8.406100e-02 1.378752e+04 
8.534100e-02 1.358333e+04 
8.653800e-02 1.338858e+04 
8.759800e-02 1.321498e+04 
8.900300e-02 1.298127e+04 
9.009000e-02 1.279447e+04 
9.113300e-02 1.261138e+04 
9.239600e-02 1.238759e+04 
9.358000e-02 1.217242e+04 
9.496100e-02 1.191882e+04 
9.608400e-02 1.171229e+04 
9.727500e-02 1.149405e+04 
9.852600e-02 1.126296e+04 
9.973800e-02 1.104386e+04 
1.009000e-01 1.083830e+04 
1.020900e-01 1.063078e+04 
1.034000e-01 1.041063e+04 
1.046000e-01 1.021677e+04 
1.057200e-01 1.004379e+04 
1.069100e-01 9.866876e+03 
1.082500e-01 9.680406e+03 
1.093900e-01 9.529297e+03 
1.105400e-01 9.382553e+03 
1.116900e-01 9.247019e+03 
1.129600e-01 9.103744e+03 
1.142000e-01 8.973619e+03 
1.153300e-01 8.860608e+03 
1.166400e-01 8.736947e+03 
1.177800e-01 8.633911e+03 
1.190000e-01 8.527178e+03 
1.201200e-01 8.434213e+03 
1.213400e-01 8.335818e+03 
1.227100e-01 8.228184e+03 
1.238900e-01 8.137656e+03 
1.250700e-01 8.048641e+03 
1.263200e-01 7.955730e+03 
1.275500e-01 7.864620e+03 
1.287500e-01 7.777007e+03 
1.299900e-01 7.687318e+03 
1.311300e-01 7.605009e+03 
1.323500e-01 7.516308e+03 
1.335900e-01 7.427213e+03 
1.347100e-01 7.347184e+03 
1.359800e-01 7.257423e+03 
1.372100e-01 7.170492e+03 
1.384300e-01 7.085433e+03 
1.395700e-01 7.005912e+03 
1.407700e-01 6.923737e+03 
1.420300e-01 6.837448e+03 
1.432800e-01 6.753693e+03 
1.444500e-01 6.677038e+03 
1.456300e-01 6.601267e+03 
1.468900e-01 6.521639e+03 
1.480500e-01 6.449696e+03 
1.491700e-01 6.381985e+03 
1.503800e-01 6.310793e+03 
1.516400e-01 6.238477e+03 
1.528200e-01 6.173533e+03 
1.540200e-01 6.108743e+03 
1.551900e-01 6.048308e+03 
1.564300e-01 5.985845e+03 
1.576600e-01 5.925521e+03 
1.588700e-01 5.867833e+03 
1.600900e-01 5.810834e+03 
1.612700e-01 5.758282e+03 
1.625400e-01 5.702765e+03 
1.637600e-01 5.650486e+03 
1.649500e-01 5.600441e+03 
1.662200e-01 5.548044e+03 
1.674000e-01 5.500495e+03 
1.685000e-01 5.456904e+03 
1.697500e-01 5.408056e+03 
1.710300e-01 5.358791e+03 
1.722200e-01 5.313793e+03 
1.734400e-01 5.267787e+03 
1.746400e-01 5.223274e+03 
1.758700e-01 5.178153e+03 
1.770900e-01 5.133612e+03 
1.782700e-01 5.091240e+03 
1.794600e-01 5.048706e+03 
1.807000e-01 5.004779e+03 
1.819100e-01 4.962623e+03 
1.830100e-01 4.924781e+03 
1.842200e-01 4.883776e+03 
1.855000e-01 4.841118e+03 
1.867000e-01 4.801943e+03 
1.879200e-01 4.762743e+03 
1.890900e-01 4.725686e+03 
1.902800e-01 4.688332e+03 
1.915200e-01 4.650014e+03 
1.926900e-01 4.614507e+03 
1.939000e-01 4.578646e+03 
1.951700e-01 4.541592e+03 
1.963100e-01 4.508937e+03 
1.975100e-01 4.475344e+03 
1.987800e-01 4.440333e+03 
2.000100e-01 4.406972e+03 
2.012500e-01 4.373914e+03 
2.023400e-01 4.345265e+03 
2.036100e-01 4.312386e+03 
2.048900e-01 4.279862e+03 
2.060400e-01 4.251063e+03 
2.072200e-01 4.221932e+03 
2.084200e-01 4.192883e+03 
2.096900e-01 4.162582e+03 
2.109200e-01 4.133661e+03 
2.121100e-01 4.105972e+03 
2.132700e-01 4.079339e+03 
2.145200e-01 4.051035e+03 
2.157200e-01 4.024205e+03 
2.168800e-01 3.998599e+03 
2.180700e-01 3.972677e+03 
2.193400e-01 3.945356e+03 
2.206000e-01 3.918563e+03 
2.217500e-01 3.894435e+03 
2.229500e-01 3.869582e+03 
2.241400e-01 3.845197e+03 
2.253500e-01 3.820724e+03 
2.264900e-01 3.797960e+03 
2.277100e-01 3.774078e+03 
2.289900e-01 3.749548e+03 
2.301500e-01 3.727606e+03 
2.313600e-01 3.705004e+03 
2.325600e-01 3.682732e+03 
2.337700e-01 3.660557e+03 
2.350000e-01 3.638303e+03 
2.362000e-01 3.616996e+03 
2.374100e-01 3.595934e+03 
2.386500e-01 3.574623e+03 
2.399100e-01 3.553244e+03 
2.410400e-01 3.534143e+03 
2.422500e-01 3.513911e+03 
2.435000e-01 3.493270e+03 
2.447300e-01 3.473302e+03 
2.458700e-01 3.455377e+03 
2.470600e-01 3.436883e+03 
2.483300e-01 3.417387e+03 
2.495600e-01 3.398679e+03 
2.507600e-01 3.380565e+03 
2.519600e-01 3.362664e+03 
2.532200e-01 3.344092e+03 
2.543700e-01 3.327386e+03 
2.555500e-01 3.310467e+03 
2.568000e-01 3.292754e+03 
2.580100e-01 3.275808e+03 
2.592400e-01 3.258859e+03 
2.604100e-01 3.242953e+03 
2.616100e-01 3.226821e+03 
2.628400e-01 3.210475e+03 
2.640600e-01 3.194525e+03 
2.652200e-01 3.179560e+03 
2.664300e-01 3.164120e+03 
2.676500e-01 3.148728e+03 
2.688400e-01 3.133733e+03 
2.700700e-01 3.118315e+03 
2.712400e-01 3.103808e+03 
2.724800e-01 3.088602e+03 
2.736700e-01 3.074217e+03 
2.748800e-01 3.059800e+03 
2.761000e-01 3.045422e+03 
2.773200e-01 3.031200e+03 
2.785400e-01 3.017059e+03 
2.797000e-01 3.003601e+03 
2.808900e-01 2.989938e+03 
2.821400e-01 2.975739e+03 
2.833900e-01 2.961692e+03 
2.845500e-01 2.948732e+03 
2.857800e-01 2.935132e+03 
2.870300e-01 2.921458e+03 
2.882100e-01 2.908684e+03 
2.893900e-01 2.895897e+03 
2.906300e-01 2.882522e+03 
2.918900e-01 2.869075e+03 
2.930500e-01 2.856821e+03 
2.942500e-01 2.844282e+03 
2.954200e-01 2.832218e+03 
2.966500e-01 2.819661e+03 
2.978900e-01 2.807132e+03 
2.990400e-01 2.795627e+03 
3.002700e-01 2.783281e+03 
3.015100e-01 2.770882e+03 
3.026800e-01 2.759298e+03 
3.038500e-01 2.747824e+03 
3.050300e-01 2.736363e+03 
3.062600e-01 2.724597e+03 
3.075000e-01 2.712853e+03 
3.087000e-01 2.701599e+03 
3.099100e-01 2.690360e+03 
3.111200e-01 2.679193e+03 
3.123100e-01 2.668252e+03 
3.135300e-01 2.657142e+03 
3.147300e-01 2.646317e+03 
3.159900e-01 2.635061e+03 
3.171800e-01 2.624481e+03 
3.183700e-01 2.613966e+03 
3.196300e-01 2.602938e+03 
3.208400e-01 2.592449e+03 
3.220300e-01 2.582227e+03 
3.232000e-01 2.572295e+03 
3.244300e-01 2.561959e+03 
3.256700e-01 2.551637e+03 
3.269200e-01 2.541329e+03 
3.280800e-01 2.531851e+03 
3.292500e-01 2.522392e+03 
3.304800e-01 2.512543e+03 
3.317100e-01 2.502784e+03 
3.328900e-01 2.493506e+03 
3.340700e-01 2.484309e+03 
3.353600e-01 2.474370e+03 
3.365300e-01 2.465446e+03 
3.377100e-01 2.456523e+03 
3.389200e-01 2.447454e+03 
3.401600e-01 2.438242e+03 
3.413700e-01 2.429343e+03 
3.425300e-01 2.420892e+03 
3.437700e-01 2.411937e+03 
3.449800e-01 2.403275e+03 
3.461800e-01 2.394759e+03 
3.473600e-01 2.386464e+03 
3.485800e-01 2.377980e+03 
3.498100e-01 2.369501e+03 
3.510200e-01 2.361232e+03 
3.522000e-01 2.353236e+03 
3.533900e-01 2.345240e+03 
3.546400e-01 2.337012e+03 
3.558400e-01 2.329187e+03 
3.570600e-01 2.321300e+03 
3.582700e-01 2.313543e+03 
3.595000e-01 2.305725e+03 
3.607100e-01 2.298059e+03 
3.618900e-01 2.290612e+03 
3.631200e-01 2.282915e+03 
3.643200e-01 2.275468e+03 
3.655500e-01 2.267898e+03 
3.667300e-01 2.260696e+03 
3.679500e-01 2.253307e+03 
3.691900e-01 2.245859e+03 
3.703600e-01 2.238889e+03 
3.715700e-01 2.231739e+03 
3.727700e-01 2.224706e+03 
3.739900e-01 2.217624e+03 
3.752000e-01 2.210676e+03 
3.763900e-01 2.203898e+03 
3.775800e-01 2.197173e+03 
3.788200e-01 2.190223e+03 
3.800300e-01 2.183496e+03 
3.812100e-01 2.176981e+03 
3.824200e-01 2.170351e+03 
3.836100e-01 2.163881e+03 
3.848600e-01 2.157140e+03 
3.860400e-01 2.150826e+03 
3.872400e-01 2.144455e+03 
3.884600e-01 2.138041e+03 
3.896500e-01 2.131839e+03 
3.908700e-01 2.125529e+03 
3.920600e-01 2.119422e+03 
3.933100e-01 2.113058e+03 
3.945300e-01 2.106896e+03 
3.957200e-01 2.100871e+03 
3.969300e-01 2.094775e+03 
3.981700e-01 2.088577e+03 
3.993500e-01 2.082724e+03 
4.094840e-01 2.034241e+03 
4.272360e-01 1.955147e+03 
4.454600e-01 1.880375e+03 
4.630560e-01 1.813756e+03 
4.804610e-01 1.751935e+03 
4.980690e-01 1.693938e+03 
5.159230e-01 1.638515e+03 
5.317440e-01 1.592557e+03 
5.489640e-01 1.545105e+03 
5.671990e-01 1.497728e+03 
5.838690e-01 1.456907e+03 
6.018840e-01 1.415197e+03 
6.202330e-01 1.374587e+03 
6.379250e-01 1.337784e+03 
6.545410e-01 1.304601e+03 
6.714560e-01 1.272358e+03 
6.892080e-01 1.239876e+03 
7.066010e-01 1.209569e+03 
7.240540e-01 1.180316e+03 
7.420450e-01 1.151134e+03 
7.593780e-01 1.124326e+03 
7.764720e-01 1.098620e+03 
7.942840e-01 1.072795e+03 
8.116170e-01 1.048656e+03 
8.288310e-01 1.025355e+03 
8.462240e-01 1.002648e+03 
8.631980e-01 9.810827e+02 
8.810700e-01 9.591156e+02 
8.989410e-01 9.378632e+02 
9.166330e-01 9.175346e+02 
9.345640e-01 8.974206e+02 
9.515980e-01 8.789120e+02 
9.688720e-01 8.606713e+02 
9.865640e-01 8.424925e+02 
1.031870e+00 7.983778e+02 
1.063490e+00 7.694899e+02 
1.097920e+00 7.394399e+02 
1.134370e+00 7.094571e+02 
1.167730e+00 6.835766e+02 
1.203830e+00 6.568478e+02 
1.240470e+00 6.312902e+02 
1.275790e+00 6.078467e+02 
1.309140e+00 5.868014e+02 
1.342970e+00 5.664830e+02 
1.378420e+00 5.462223e+02 
1.413200e+00 5.273574e+02 
1.448110e+00 5.093066e+02 
1.484090e+00 4.915895e+02 
1.518820e+00 4.752888e+02 
1.552880e+00 4.600925e+02 
1.588630e+00 4.448220e+02 
1.623230e+00 4.306927e+02 
1.657720e+00 4.172608e+02 
1.692450e+00 4.043364e+02 
1.726400e+00 3.922330e+02 
1.762200e+00 3.800760e+02 
1.797880e+00 3.684192e+02 
1.833270e+00 3.574007e+02 
1.869070e+00 3.467123e+02 
1.903200e+00 3.369310e+02 
1.937740e+00 3.274122e+02 
1.973190e+00 3.180470e+02 
2.007440e+00 3.093917e+02 
2.042160e+00 3.009452e+02 
2.077900e+00 2.925782e+02 
2.112390e+00 2.848048e+02 
2.146220e+00 2.775045e+02 
2.181600e+00 2.700954e+02 
2.216930e+00 2.629969e+02 
2.250760e+00 2.564780e+02 
2.286500e+00 2.498344e+02 
2.321770e+00 2.434865e+02 
2.355950e+00 2.375791e+02 
2.391280e+00 2.316757e+02 
2.426240e+00 2.260313e+02 
2.460670e+00 2.206711e+02 
2.495640e+00 2.154258e+02 
2.531080e+00 2.102459e+02 
2.566220e+00 2.053025e+02 
2.600830e+00 2.006112e+02 
2.635080e+00 1.961327e+02 
2.670340e+00 1.916283e+02 
2.705970e+00 1.872406e+02 
2.740040e+00 1.831855e+02 
2.774520e+00 1.791994e+02 
2.809730e+00 1.752703e+02 
2.844390e+00 1.715266e+02 
2.879960e+00 1.677951e+02 
2.914860e+00 1.642405e+02 
2.949410e+00 1.608246e+02 
2.984440e+00 1.574569e+02 
3.019760e+00 1.541722e+02 
3.054730e+00 1.510218e+02 
3.089030e+00 1.480135e+02 
3.124060e+00 1.450353e+02 
3.159560e+00 1.421124e+02 
3.194710e+00 1.392946e+02 
3.229010e+00 1.366201e+02 
3.263320e+00 1.340117e+02 
3.297930e+00 1.314561e+02 
3.332830e+00 1.289566e+02 
3.368040e+00 1.265001e+02 
3.403300e+00 1.241044e+02 
3.438450e+00 1.217879e+02 
3.473060e+00 1.195692e+02 
3.508440e+00 1.173550e+02 
3.543110e+00 1.152413e+02 
3.577470e+00 1.131958e+02 
3.613040e+00 1.111346e+02 
3.648120e+00 1.091596e+02 
3.682910e+00 1.072487e+02 
3.718050e+00 1.053640e+02 
3.753320e+00 1.035223e+02 
3.787980e+00 1.017609e+02 
3.822290e+00 1.000578e+02 
3.857020e+00 9.837279e+01 
3.891920e+00 9.672217e+01 
3.926650e+00 9.512250e+01 
3.961970e+00 9.353303e+01 
3.997360e+00 9.197557e+01 
4.031670e+00 9.050171e+01 
4.066330e+00 8.905159e+01 
4.101420e+00 8.761707e+01 
4.136200e+00 8.623278e+01 
4.170810e+00 8.488591e+01 
4.206250e+00 8.353503e+01 
4.241580e+00 8.221801e+01 
4.276300e+00 8.095022e+01 
4.310970e+00 7.971053e+01 
4.346120e+00 7.848279e+01 
4.380600e+00 7.730742e+01 
4.414730e+00 7.616842e+01 
4.450350e+00 7.500976e+01 
4.485320e+00 7.389629e+01 
4.519810e+00 7.281916e+01 
4.555430e+00 7.172906e+01 
4.590870e+00 7.066844e+01 
4.625480e+00 6.965656e+01 
4.659910e+00 6.867004e+01 
4.695230e+00 6.768217e+01 
4.729960e+00 6.673077e+01 
4.764450e+00 6.580371e+01 
4.799530e+00 6.487800e+01 
4.834910e+00 6.396276e+01 
4.869700e+00 6.308335e+01 
4.904370e+00 6.222424e+01 
4.939450e+00 6.137111e+01 
4.973940e+00 6.054703e+01 
5.008430e+00 5.973832e+01 
5.043810e+00 5.892648e+01 
5.078840e+00 5.813902e+01 
5.113500e+00 5.737426e+01 
5.148890e+00 5.661093e+01 
5.184210e+00 5.586331e+01 
5.219060e+00 5.513869e+01 
5.253660e+00 5.443106e+01 
5.288570e+00 5.372983e+01 
5.323420e+00 5.304368e+01 
5.358440e+00 5.236796e+01 
5.393590e+00 5.170172e+01 
5.428310e+00 5.105697e+01 
5.462800e+00 5.042846e+01 
5.497640e+00 4.980446e+01 
5.532670e+00 4.918678e+01 
5.567280e+00 4.858657e+01 
5.602000e+00 4.799460e+01 
5.637270e+00 4.740548e+01 
5.672410e+00 4.682892e+01 
5.707020e+00 4.627052e+01 
5.742040e+00 4.571690e+01 
5.777430e+00 4.516715e+01 
5.812210e+00 4.463576e+01 
5.846820e+00 4.411455e+01 
5.881610e+00 4.359882e+01 
5.916510e+00 4.308978e+01 
5.951600e+00 4.258562e+01 
5.986560e+00 4.209110e+01 
6.021830e+00 4.160017e+01 
6.056490e+00 4.112644e+01 
6.091160e+00 4.066086e+01 
6.125830e+00 4.020251e+01 
6.161090e+00 3.974421e+01 
6.195760e+00 3.930182e+01 
6.230420e+00 3.886630e+01 
6.265690e+00 3.842988e+01 
6.300950e+00 3.799965e+01 
6.335620e+00 3.758304e+01 
6.370880e+00 3.716574e+01 
6.405550e+00 3.676266e+01 
6.440220e+00 3.636600e+01 
6.475480e+00 3.596859e+01 
6.510150e+00 3.558341e+01 
6.544810e+00 3.520355e+01 
6.580080e+00 3.482266e+01 
6.614750e+00 3.445372e+01 
6.649410e+00 3.409152e+01 
6.684080e+00 3.373467e+01 
6.719340e+00 3.337695e+01 
6.754010e+00 3.303004e+01 
6.788680e+00 3.268757e+01 
6.823940e+00 3.234420e+01 
6.859800e+00 3.200001e+01 
6.894470e+00 3.167156e+01 
6.929140e+00 3.134753e+01 
6.963800e+00 3.102808e+01 
6.999070e+00 3.070760e+01 
7.033730e+00 3.039826e+01 
7.068400e+00 3.009306e+01 
7.103660e+00 2.978690e+01 
7.138330e+00 2.948982e+01 
7.173600e+00 2.919141e+01 
7.208260e+00 2.890213e+01 
7.243530e+00 2.861171e+01 
7.277600e+00 2.833553e+01 
7.312860e+00 2.805405e+01 
7.348120e+00 2.777634e+01 
7.382790e+00 2.750689e+01 
7.417460e+00 2.724068e+01 
7.452720e+00 2.697336e+01 
7.487390e+00 2.671394e+01 
7.522650e+00 2.645354e+01 
7.557320e+00 2.620055e+01 
7.591990e+00 2.595071e+01 
7.627250e+00 2.569988e+01 
7.662510e+00 2.545229e+01 
7.697180e+00 2.521171e+01 
7.731850e+00 2.497408e+01 
7.766510e+00 2.473950e+01 
7.801180e+00 2.450780e+01 
7.836440e+00 2.427578e+01 
7.871110e+00 2.405093e+01 
7.906380e+00 2.382503e+01 
7.941040e+00 2.360579e+01 
7.976310e+00 2.338471e+01 
8.011570e+00 2.316558e+01 
8.046240e+00 2.295276e+01 
8.080900e+00 2.274259e+01 
8.115570e+00 2.253512e+01 
8.150830e+00 2.232751e+01 
8.185500e+00 2.212584e+01 
8.220770e+00 2.192315e+01 
8.255430e+00 2.172636e+01 
8.290100e+00 2.153267e+01 
8.324770e+00 2.134136e+01 
8.359430e+00 2.115236e+01 
8.394700e+00 2.096230e+01 
8.429960e+00 2.077394e+01 
8.464630e+00 2.059029e+01 
8.499890e+00 2.040571e+01 
8.534560e+00 2.022634e+01 
8.569200e+00 2.004919e+01 
