# Parameters:
# omega_b = 0.022580, omega_m = 0.133400, n_s = 0.963000, h = 70.800000, w = -1.000000, sigma_8 = 0.801000
# z = 0.000000
#
# k[1/Mpc] # P(k):
8.694000e-04 1.729781e+04 
2.077466e-03 3.673513e+04 
3.285532e-03 5.168888e+04 
4.493598e-03 6.296489e+04 
5.701664e-03 7.113740e+04 
6.909730e-03 7.674716e+04 
8.117797e-03 8.038123e+04 
9.325863e-03 8.234088e+04 
1.053393e-02 8.292082e+04 
1.174199e-02 8.239022e+04 
1.295006e-02 8.092280e+04 
1.415813e-02 7.875293e+04 
1.536619e-02 7.607497e+04 
1.657426e-02 7.302258e+04 
1.778233e-02 6.970614e+04 
1.899039e-02 6.629560e+04 
2.019846e-02 6.290540e+04 
2.140652e-02 5.962321e+04 
2.261459e-02 5.648592e+04 
2.382266e-02 5.353951e+04 
2.503072e-02 5.081282e+04 
2.623879e-02 4.831649e+04 
2.744685e-02 4.605283e+04 
2.865492e-02 4.401733e+04 
2.986299e-02 4.219632e+04 
3.100100e-02 4.067108e+04 
3.220400e-02 3.923750e+04 
3.288100e-02 3.850728e+04 
3.424300e-02 3.718176e+04 
3.555100e-02 3.606949e+04 
3.686000e-02 3.507751e+04 
3.795000e-02 3.432963e+04 
3.929100e-02 3.348913e+04 
4.039800e-02 3.283858e+04 
4.164000e-02 3.213384e+04 
4.294400e-02 3.140057e+04 
4.415000e-02 3.073339e+04 
4.542900e-02 2.999954e+04 
4.660900e-02 2.930987e+04 
4.782300e-02 2.856211e+04 
4.892900e-02 2.786250e+04 
5.031200e-02 2.695760e+04 
5.155900e-02 2.611562e+04 
5.238100e-02 2.555252e+04 
5.378200e-02 2.458677e+04 
5.513400e-02 2.364823e+04 
5.627600e-02 2.286530e+04 
5.735300e-02 2.214323e+04 
5.870100e-02 2.126325e+04 
5.988700e-02 2.052256e+04 
6.113500e-02 1.978194e+04 
6.225900e-02 1.915202e+04 
6.340100e-02 1.854978e+04 
6.480200e-02 1.786641e+04 
6.601100e-02 1.732882e+04 
6.725500e-02 1.682389e+04 
6.829100e-02 1.644473e+04 
6.958600e-02 1.601057e+04 
7.071100e-02 1.567074e+04 
7.192300e-02 1.533869e+04 
7.307400e-02 1.505341e+04 
7.412300e-02 1.481590e+04 
7.550400e-02 1.453330e+04 
7.663100e-02 1.432063e+04 
7.791200e-02 1.409587e+04 
7.912700e-02 1.389507e+04 
8.027600e-02 1.370986e+04 
8.138400e-02 1.353402e+04 
8.272200e-02 1.332263e+04 
8.406100e-02 1.310868e+04 
8.534100e-02 1.289697e+04 
8.653800e-02 1.269000e+04 
8.759800e-02 1.250291e+04 
8.900300e-02 1.224778e+04 
9.009000e-02 1.204237e+04 
9.113300e-02 1.184055e+04 
9.239600e-02 1.159424e+04 
9.358000e-02 1.135881e+04 
9.496100e-02 1.108405e+04 
9.608400e-02 1.086280e+04 
9.727500e-02 1.063123e+04 
9.852600e-02 1.039188e+04 
9.973800e-02 1.016796e+04 
1.009000e-01 9.960359e+03 
1.020900e-01 9.757072e+03 
1.034000e-01 9.544238e+03 
1.046000e-01 9.359733e+03 
1.057200e-01 9.199635e+03 
1.069100e-01 9.037410e+03 
1.082500e-01 8.870516e+03 
1.093900e-01 8.737320e+03 
1.105400e-01 8.609173e+03 
1.116900e-01 8.492891e+03 
1.129600e-01 8.370474e+03 
1.142000e-01 8.260110e+03 
1.153300e-01 8.164066e+03 
1.166400e-01 8.058672e+03 
1.177800e-01 7.969541e+03 
1.190000e-01 7.876588e+03 
1.201200e-01 7.793119e+03 
1.213400e-01 7.704316e+03 
1.227100e-01 7.602826e+03 
1.238900e-01 7.516565e+03 
1.250700e-01 7.428858e+03 
1.263200e-01 7.336347e+03 
1.275500e-01 7.243505e+03 
1.287500e-01 7.153456e+03 
1.299900e-01 7.060067e+03 
1.311300e-01 6.974243e+03 
1.323500e-01 6.881582e+03 
1.335900e-01 6.788852e+03 
1.347100e-01 6.705994e+03 
1.359800e-01 6.613699e+03 
1.372100e-01 6.525552e+03 
1.384300e-01 6.439999e+03 
1.395700e-01 6.361623e+03 
1.407700e-01 6.280878e+03 
1.420300e-01 6.198409e+03 
1.432800e-01 6.118379e+03 
1.444500e-01 6.047144e+03 
1.456300e-01 5.976736e+03 
1.468900e-01 5.903905e+03 
1.480500e-01 5.838448e+03 
1.491700e-01 5.777186e+03 
1.503800e-01 5.713215e+03 
1.516400e-01 5.648261e+03 
1.528200e-01 5.590051e+03 
1.540200e-01 5.531977e+03 
1.551900e-01 5.477551e+03 
1.564300e-01 5.421233e+03 
1.576600e-01 5.366552e+03 
1.588700e-01 5.313904e+03 
1.600900e-01 5.261844e+03 
1.612700e-01 5.213084e+03 
1.625400e-01 5.161573e+03 
1.637600e-01 5.112633e+03 
1.649500e-01 5.065528e+03 
1.662200e-01 5.016124e+03 
1.674000e-01 4.970803e+03 
1.685000e-01 4.929254e+03 
1.697500e-01 4.882543e+03 
1.710300e-01 4.835281e+03 
1.722200e-01 4.792114e+03 
1.734400e-01 4.747908e+03 
1.746400e-01 4.705136e+03 
1.758700e-01 4.661824e+03 
1.770900e-01 4.619156e+03 
1.782700e-01 4.578570e+03 
1.794600e-01 4.537981e+03 
1.807000e-01 4.496169e+03 
1.819100e-01 4.456043e+03 
1.830100e-01 4.420258e+03 
1.842200e-01 4.381522e+03 
1.855000e-01 4.341239e+03 
1.867000e-01 4.304512e+03 
1.879200e-01 4.267762e+03 
1.890900e-01 4.233065e+03 
1.902800e-01 4.198311e+03 
1.915200e-01 4.162661e+03 
1.926900e-01 4.129670e+03 
1.939000e-01 4.096489e+03 
1.951700e-01 4.062205e+03 
1.963100e-01 4.032020e+03 
1.975100e-01 4.001044e+03 
1.987800e-01 3.968761e+03 
2.000100e-01 3.938015e+03 
2.012500e-01 3.907586e+03 
2.023400e-01 3.881214e+03 
2.036100e-01 3.850949e+03 
2.048900e-01 3.821011e+03 
2.060400e-01 3.794502e+03 
2.072200e-01 3.767685e+03 
2.084200e-01 3.740923e+03 
2.096900e-01 3.713007e+03 
2.109200e-01 3.686363e+03 
2.121100e-01 3.660852e+03 
2.132700e-01 3.636315e+03 
2.145200e-01 3.610238e+03 
2.157200e-01 3.585554e+03 
2.168800e-01 3.562013e+03 
2.180700e-01 3.538180e+03 
2.193400e-01 3.513110e+03 
2.206000e-01 3.488613e+03 
2.217500e-01 3.466553e+03 
2.229500e-01 3.443830e+03 
2.241400e-01 3.421747e+03 
2.253500e-01 3.399588e+03 
2.264900e-01 3.378977e+03 
2.277100e-01 3.357507e+03 
2.289900e-01 3.335624e+03 
2.301500e-01 3.316051e+03 
2.313600e-01 3.295892e+03 
2.325600e-01 3.276394e+03 
2.337700e-01 3.256983e+03 
2.350000e-01 3.237502e+03 
2.362000e-01 3.219023e+03 
2.374100e-01 3.200963e+03 
2.386500e-01 3.182689e+03 
2.399100e-01 3.164359e+03 
2.410400e-01 3.148239e+03 
2.422500e-01 3.131198e+03 
2.435000e-01 3.113813e+03 
2.447300e-01 3.097039e+03 
2.458700e-01 3.082158e+03 
2.470600e-01 3.066805e+03 
2.483300e-01 3.050622e+03 
2.495600e-01 3.035111e+03 
2.507600e-01 3.020117e+03 
2.519600e-01 3.005299e+03 
2.532200e-01 2.989929e+03 
2.543700e-01 2.976046e+03 
2.555500e-01 2.961948e+03 
2.568000e-01 2.947189e+03 
2.580100e-01 2.933072e+03 
2.592400e-01 2.918809e+03 
2.604100e-01 2.905361e+03 
2.616100e-01 2.891723e+03 
2.628400e-01 2.877905e+03 
2.640600e-01 2.864224e+03 
2.652200e-01 2.851307e+03 
2.664300e-01 2.837983e+03 
2.676500e-01 2.824699e+03 
2.688400e-01 2.811581e+03 
2.700700e-01 2.797981e+03 
2.712400e-01 2.785185e+03 
2.724800e-01 2.771772e+03 
2.736700e-01 2.758966e+03 
2.748800e-01 2.746009e+03 
2.761000e-01 2.733086e+03 
2.773200e-01 2.720304e+03 
2.785400e-01 2.707535e+03 
2.797000e-01 2.695262e+03 
2.808900e-01 2.682801e+03 
2.821400e-01 2.669851e+03 
2.833900e-01 2.657035e+03 
2.845500e-01 2.645101e+03 
2.857800e-01 2.632577e+03 
2.870300e-01 2.619984e+03 
2.882100e-01 2.608221e+03 
2.893900e-01 2.596404e+03 
2.906300e-01 2.584021e+03 
2.918900e-01 2.571571e+03 
2.930500e-01 2.560226e+03 
2.942500e-01 2.548609e+03 
2.954200e-01 2.537410e+03 
2.966500e-01 2.525753e+03 
2.978900e-01 2.514122e+03 
2.990400e-01 2.503441e+03 
3.002700e-01 2.491978e+03 
3.015100e-01 2.480466e+03 
3.026800e-01 2.469711e+03 
3.038500e-01 2.459057e+03 
3.050300e-01 2.448414e+03 
3.062600e-01 2.437492e+03 
3.075000e-01 2.426590e+03 
3.087000e-01 2.416142e+03 
3.099100e-01 2.405707e+03 
3.111200e-01 2.395344e+03 
3.123100e-01 2.385198e+03 
3.135300e-01 2.374895e+03 
3.147300e-01 2.364857e+03 
3.159900e-01 2.354418e+03 
3.171800e-01 2.344614e+03 
3.183700e-01 2.334877e+03 
3.196300e-01 2.324663e+03 
3.208400e-01 2.314948e+03 
3.220300e-01 2.305481e+03 
3.232000e-01 2.296289e+03 
3.244300e-01 2.286725e+03 
3.256700e-01 2.277174e+03 
3.269200e-01 2.267636e+03 
3.280800e-01 2.258865e+03 
3.292500e-01 2.250117e+03 
3.304800e-01 2.241010e+03 
3.317100e-01 2.231985e+03 
3.328900e-01 2.223405e+03 
3.340700e-01 2.214900e+03 
3.353600e-01 2.205712e+03 
3.365300e-01 2.197463e+03 
3.377100e-01 2.189216e+03 
3.389200e-01 2.180832e+03 
3.401600e-01 2.172317e+03 
3.413700e-01 2.164094e+03 
3.425300e-01 2.156288e+03 
3.437700e-01 2.148015e+03 
3.449800e-01 2.140013e+03 
3.461800e-01 2.132146e+03 
3.473600e-01 2.124483e+03 
3.485800e-01 2.116645e+03 
3.498100e-01 2.108812e+03 
3.510200e-01 2.101172e+03 
3.522000e-01 2.093785e+03 
3.533900e-01 2.086396e+03 
3.546400e-01 2.078793e+03 
3.558400e-01 2.071562e+03 
3.570600e-01 2.064272e+03 
3.582700e-01 2.057102e+03 
3.595000e-01 2.049876e+03 
3.607100e-01 2.042792e+03 
3.618900e-01 2.035912e+03 
3.631200e-01 2.028800e+03 
3.643200e-01 2.021919e+03 
3.655500e-01 2.014925e+03 
3.667300e-01 2.008269e+03 
3.679500e-01 2.001445e+03 
3.691900e-01 1.994566e+03 
3.703600e-01 1.988128e+03 
3.715700e-01 1.981523e+03 
3.727700e-01 1.975025e+03 
3.739900e-01 1.968482e+03 
3.752000e-01 1.962062e+03 
3.763900e-01 1.955799e+03 
3.775800e-01 1.949586e+03 
3.788200e-01 1.943163e+03 
3.800300e-01 1.936945e+03 
3.812100e-01 1.930926e+03 
3.824200e-01 1.924800e+03 
3.836100e-01 1.918822e+03 
3.848600e-01 1.912592e+03 
3.860400e-01 1.906757e+03 
3.872400e-01 1.900869e+03 
3.884600e-01 1.894943e+03 
3.896500e-01 1.889212e+03 
3.908700e-01 1.883382e+03 
3.920600e-01 1.877739e+03 
3.933100e-01 1.871857e+03 
3.945300e-01 1.866162e+03 
3.957200e-01 1.860599e+03 
3.969300e-01 1.854972e+03 
3.981700e-01 1.849249e+03 
3.993500e-01 1.843844e+03 
4.094840e-01 1.799079e+03 
4.272360e-01 1.726152e+03 
4.454600e-01 1.657363e+03 
4.630560e-01 1.596234e+03 
4.804610e-01 1.539676e+03 
4.980690e-01 1.486753e+03 
5.159230e-01 1.436325e+03 
5.317440e-01 1.394600e+03 
5.489640e-01 1.351646e+03 
5.671990e-01 1.308881e+03 
5.838690e-01 1.272126e+03 
6.018840e-01 1.234667e+03 
6.202330e-01 1.198325e+03 
6.379250e-01 1.165464e+03 
6.545410e-01 1.135940e+03 
6.714560e-01 1.107320e+03 
6.892080e-01 1.078582e+03 
7.066010e-01 1.051844e+03 
7.240540e-01 1.026101e+03 
7.420450e-01 1.000504e+03 
7.593780e-01 9.770474e+02 
7.764720e-01 9.546100e+02 
7.942840e-01 9.321132e+02 
8.116170e-01 9.111411e+02 
8.288310e-01 8.909394e+02 
8.462240e-01 8.712858e+02 
8.631980e-01 8.526513e+02 
8.810700e-01 8.336991e+02 
8.989410e-01 8.153884e+02 
9.166330e-01 7.978969e+02 
9.345640e-01 7.806088e+02 
9.515980e-01 7.647158e+02 
9.688720e-01 7.490649e+02 
9.865640e-01 7.334823e+02 
1.031870e+00 6.956938e+02 
1.063490e+00 6.709715e+02 
1.097920e+00 6.452642e+02 
1.134370e+00 6.196135e+02 
1.167730e+00 5.974729e+02 
1.203830e+00 5.745991e+02 
1.240470e+00 5.527170e+02 
1.275790e+00 5.326322e+02 
1.309140e+00 5.145901e+02 
1.342970e+00 4.971589e+02 
1.378420e+00 4.797637e+02 
1.413200e+00 4.635534e+02 
1.448110e+00 4.480293e+02 
1.484090e+00 4.327781e+02 
1.518820e+00 4.187331e+02 
1.552880e+00 4.056268e+02 
1.588630e+00 3.924452e+02 
1.623230e+00 3.802366e+02 
1.657720e+00 3.686207e+02 
1.692450e+00 3.574334e+02 
1.726400e+00 3.469476e+02 
1.762200e+00 3.364068e+02 
1.797880e+00 3.262891e+02 
1.833270e+00 3.167179e+02 
1.869070e+00 3.074243e+02 
1.903200e+00 2.989128e+02 
1.937740e+00 2.906233e+02 
1.973190e+00 2.824603e+02 
2.007440e+00 2.749107e+02 
2.042160e+00 2.675379e+02 
2.077900e+00 2.602280e+02 
2.112390e+00 2.534318e+02 
2.146220e+00 2.470449e+02 
2.181600e+00 2.405568e+02 
2.216930e+00 2.343366e+02 
2.250760e+00 2.286210e+02 
2.286500e+00 2.227925e+02 
2.321770e+00 2.172192e+02 
2.355950e+00 2.120295e+02 
2.391280e+00 2.068389e+02 
2.426240e+00 2.018736e+02 
2.460670e+00 1.971556e+02 
2.495640e+00 1.925357e+02 
2.531080e+00 1.879701e+02 
2.566220e+00 1.836109e+02 
2.600830e+00 1.794719e+02 
2.635080e+00 1.755188e+02 
2.670340e+00 1.715394e+02 
2.705970e+00 1.676613e+02 
2.740040e+00 1.640755e+02 
2.774520e+00 1.605489e+02 
2.809730e+00 1.570707e+02 
2.844390e+00 1.537552e+02 
2.879960e+00 1.504489e+02 
2.914860e+00 1.472979e+02 
2.949410e+00 1.442686e+02 
2.984440e+00 1.412801e+02 
3.019760e+00 1.383641e+02 
3.054730e+00 1.355663e+02 
3.089030e+00 1.328933e+02 
3.124060e+00 1.302462e+02 
3.159560e+00 1.276469e+02 
3.194710e+00 1.251402e+02 
3.229010e+00 1.227602e+02 
3.263320e+00 1.204378e+02 
3.297930e+00 1.181619e+02 
3.332830e+00 1.159347e+02 
3.368040e+00 1.137451e+02 
3.403300e+00 1.116093e+02 
3.438450e+00 1.095431e+02 
3.473060e+00 1.075638e+02 
3.508440e+00 1.055872e+02 
3.543110e+00 1.037001e+02 
3.577470e+00 1.018731e+02 
3.613040e+00 1.000318e+02 
3.648120e+00 9.826674e+01 
3.682910e+00 9.655859e+01 
3.718050e+00 9.487307e+01 
3.753320e+00 9.322572e+01 
3.787980e+00 9.164986e+01 
3.822290e+00 9.012577e+01 
3.857020e+00 8.861737e+01 
3.891920e+00 8.713947e+01 
3.926650e+00 8.570674e+01 
3.961970e+00 8.428290e+01 
3.997360e+00 8.288724e+01 
4.031670e+00 8.156635e+01 
4.066330e+00 8.026641e+01 
4.101420e+00 7.898036e+01 
4.136200e+00 7.773870e+01 
4.170810e+00 7.653055e+01 
4.206250e+00 7.531847e+01 
4.241580e+00 7.413666e+01 
4.276300e+00 7.299877e+01 
4.310970e+00 7.188597e+01 
4.346120e+00 7.078369e+01 
4.380600e+00 6.972816e+01 
4.414730e+00 6.870525e+01 
4.450350e+00 6.766428e+01 
4.485320e+00 6.666388e+01 
4.519810e+00 6.569601e+01 
4.555430e+00 6.471640e+01 
4.590870e+00 6.376315e+01 
4.625480e+00 6.285348e+01 
4.659910e+00 6.196659e+01 
4.695230e+00 6.107827e+01 
4.729960e+00 6.022271e+01 
4.764450e+00 5.938889e+01 
4.799530e+00 5.855610e+01 
4.834910e+00 5.773269e+01 
4.869700e+00 5.694152e+01 
4.904370e+00 5.616859e+01 
4.939450e+00 5.540095e+01 
4.973940e+00 5.465924e+01 
5.008430e+00 5.393135e+01 
5.043810e+00 5.320059e+01 
5.078840e+00 5.249173e+01 
5.113500e+00 5.180330e+01 
5.148890e+00 5.111599e+01 
5.184210e+00 5.044282e+01 
5.219060e+00 4.979032e+01 
5.253660e+00 4.915306e+01 
5.288570e+00 4.852155e+01 
5.323420e+00 4.790358e+01 
5.358440e+00 4.729496e+01 
5.393590e+00 4.669487e+01 
5.428310e+00 4.611409e+01 
5.462800e+00 4.554791e+01 
5.497640e+00 4.498578e+01 
5.532670e+00 4.442934e+01 
5.567280e+00 4.388862e+01 
5.602000e+00 4.335532e+01 
5.637270e+00 4.282453e+01 
5.672410e+00 4.230505e+01 
5.707020e+00 4.180191e+01 
5.742040e+00 4.130304e+01 
5.777430e+00 4.080763e+01 
5.812210e+00 4.032876e+01 
5.846820e+00 3.985909e+01 
5.881610e+00 3.939436e+01 
5.916510e+00 3.893566e+01 
5.951600e+00 3.848134e+01 
5.986560e+00 3.803569e+01 
6.021830e+00 3.759328e+01 
6.056490e+00 3.716635e+01 
6.091160e+00 3.674676e+01 
6.125830e+00 3.633367e+01 
6.161090e+00 3.592062e+01 
6.195760e+00 3.552191e+01 
6.230420e+00 3.512938e+01 
6.265690e+00 3.473603e+01 
6.300950e+00 3.434828e+01 
6.335620e+00 3.397279e+01 
6.370880e+00 3.359667e+01 
6.405550e+00 3.323343e+01 
6.440220e+00 3.287597e+01 
6.475480e+00 3.251783e+01 
6.510150e+00 3.217070e+01 
6.544810e+00 3.182834e+01 
6.580080e+00 3.148506e+01 
6.614750e+00 3.115253e+01 
6.649410e+00 3.082612e+01 
6.684080e+00 3.050452e+01 
6.719340e+00 3.018214e+01 
6.754010e+00 2.986952e+01 
6.788680e+00 2.956090e+01 
6.823940e+00 2.925148e+01 
6.859800e+00 2.894131e+01 
6.894470e+00 2.864534e+01 
6.929140e+00 2.835336e+01 
6.963800e+00 2.806549e+01 
6.999070e+00 2.777670e+01 
7.033730e+00 2.749798e+01 
7.068400e+00 2.722297e+01 
7.103660e+00 2.694709e+01 
7.138330e+00 2.667941e+01 
7.173600e+00 2.641052e+01 
7.208260e+00 2.614986e+01 
7.243530e+00 2.588816e+01 
7.277600e+00 2.563932e+01 
7.312860e+00 2.538573e+01 
7.348120e+00 2.513552e+01 
7.382790e+00 2.489274e+01 
7.417460e+00 2.465289e+01 
7.452720e+00 2.441204e+01 
7.487390e+00 2.417830e+01 
7.522650e+00 2.394367e+01 
7.557320e+00 2.371576e+01 
7.591990e+00 2.349068e+01 
7.627250e+00 2.326472e+01 
7.662510e+00 2.304166e+01 
7.697180e+00 2.282494e+01 
7.731850e+00 2.261087e+01 
7.766510e+00 2.239955e+01 
7.801180e+00 2.219080e+01 
7.836440e+00 2.198180e+01 
7.871110e+00 2.177925e+01 
7.906380e+00 2.157575e+01 
7.941040e+00 2.137824e+01 
7.976310e+00 2.117910e+01 
8.011570e+00 2.098173e+01 
8.046240e+00 2.079005e+01 
8.080900e+00 2.060074e+01 
8.115570e+00 2.041386e+01 
8.150830e+00 2.022685e+01 
8.185500e+00 2.004518e+01 
8.220770e+00 1.986259e+01 
8.255430e+00 1.968531e+01 
8.290100e+00 1.951086e+01 
8.324770e+00 1.933856e+01 
8.359430e+00 1.916833e+01 
8.394700e+00 1.899714e+01 
8.429960e+00 1.882749e+01 
8.464630e+00 1.866208e+01 
8.499890e+00 1.849582e+01 
8.534560e+00 1.833425e+01 
8.569200e+00 1.817468e+01 
