# Parameters:
# omega_b = 0.022580, omega_m = 0.133400, n_s = 0.963000, h = 70.810547, w = -1.000000, sigma_8 = 0.801000
# z = 0.000000
#
# k[1/Mpc] # P(k):
8.694000e-04 1.739299e+04 
2.077466e-03 3.688962e+04 
3.285532e-03 5.189818e+04 
4.493598e-03 6.321188e+04 
5.701664e-03 7.142478e+04 
6.909730e-03 7.707061e+04 
8.117797e-03 8.073043e+04 
9.325863e-03 8.270496e+04 
1.053393e-02 8.329230e+04 
1.174199e-02 8.276590e+04 
1.295006e-02 8.130103e+04 
1.415813e-02 7.913143e+04 
1.536619e-02 7.645158e+04 
1.657426e-02 7.339684e+04 
1.778233e-02 7.008808e+04 
1.899039e-02 6.670039e+04 
2.019846e-02 6.332764e+04 
2.140652e-02 6.004732e+04 
2.261459e-02 5.690322e+04 
2.382266e-02 5.394660e+04 
2.503072e-02 5.120781e+04 
2.623879e-02 4.869804e+04 
2.744685e-02 4.641981e+04 
2.865492e-02 4.436928e+04 
2.986299e-02 4.253317e+04 
3.100100e-02 4.099383e+04 
3.220400e-02 3.954578e+04 
3.288100e-02 3.880769e+04 
3.424300e-02 3.746723e+04 
3.555100e-02 3.634191e+04 
3.686000e-02 3.533821e+04 
3.795000e-02 3.458167e+04 
3.929100e-02 3.373203e+04 
4.039800e-02 3.307509e+04 
4.164000e-02 3.236419e+04 
4.294400e-02 3.162574e+04 
4.415000e-02 3.095455e+04 
4.542900e-02 3.021710e+04 
4.660900e-02 2.952439e+04 
4.782300e-02 2.877359e+04 
4.892900e-02 2.807105e+04 
5.031200e-02 2.716206e+04 
5.155900e-02 2.631579e+04 
5.238100e-02 2.574948e+04 
5.378200e-02 2.477760e+04 
5.513400e-02 2.383225e+04 
5.627600e-02 2.304295e+04 
5.735300e-02 2.231451e+04 
5.870100e-02 2.142617e+04 
5.988700e-02 2.067799e+04 
6.113500e-02 1.992948e+04 
6.225900e-02 1.929259e+04 
6.340100e-02 1.868352e+04 
6.480200e-02 1.799230e+04 
6.601100e-02 1.744850e+04 
6.725500e-02 1.693779e+04 
6.829100e-02 1.655437e+04 
6.958600e-02 1.611548e+04 
7.071100e-02 1.577213e+04 
7.192300e-02 1.543682e+04 
7.307400e-02 1.514890e+04 
7.412300e-02 1.490931e+04 
7.550400e-02 1.462447e+04 
7.663100e-02 1.441021e+04 
7.791200e-02 1.418391e+04 
7.912700e-02 1.398184e+04 
8.027600e-02 1.379548e+04 
8.138400e-02 1.361857e+04 
8.272200e-02 1.340592e+04 
8.406100e-02 1.319071e+04 
8.534100e-02 1.297777e+04 
8.653800e-02 1.276962e+04 
8.759800e-02 1.258148e+04 
8.900300e-02 1.232493e+04 
9.009000e-02 1.211840e+04 
9.113300e-02 1.191548e+04 
9.239600e-02 1.166783e+04 
9.358000e-02 1.143112e+04 
9.496100e-02 1.115479e+04 
9.608400e-02 1.093224e+04 
9.727500e-02 1.069925e+04 
9.852600e-02 1.045831e+04 
9.973800e-02 1.023284e+04 
1.009000e-01 1.002375e+04 
1.020900e-01 9.818891e+03 
1.034000e-01 9.604379e+03 
1.046000e-01 9.418383e+03 
1.057200e-01 9.256979e+03 
1.069100e-01 9.093440e+03 
1.082500e-01 8.925238e+03 
1.093900e-01 8.791056e+03 
1.105400e-01 8.661996e+03 
1.116900e-01 8.544993e+03 
1.129600e-01 8.421858e+03 
1.142000e-01 8.310954e+03 
1.153300e-01 8.214471e+03 
1.166400e-01 8.108649e+03 
1.177800e-01 8.019171e+03 
1.190000e-01 7.925865e+03 
1.201200e-01 7.842045e+03 
1.213400e-01 7.752862e+03 
1.227100e-01 7.650819e+03 
1.238900e-01 7.564060e+03 
1.250700e-01 7.475752e+03 
1.263200e-01 7.382571e+03 
1.275500e-01 7.288981e+03 
1.287500e-01 7.198175e+03 
1.299900e-01 7.103955e+03 
1.311300e-01 7.017359e+03 
1.323500e-01 6.923851e+03 
1.335900e-01 6.830283e+03 
1.347100e-01 6.746687e+03 
1.359800e-01 6.653591e+03 
1.372100e-01 6.564719e+03 
1.384300e-01 6.478484e+03 
1.395700e-01 6.399533e+03 
1.407700e-01 6.318204e+03 
1.420300e-01 6.235217e+03 
1.432800e-01 6.154683e+03 
1.444500e-01 6.083061e+03 
1.456300e-01 6.012270e+03 
1.468900e-01 5.939067e+03 
1.480500e-01 5.873283e+03 
1.491700e-01 5.811715e+03 
1.503800e-01 5.747430e+03 
1.516400e-01 5.682152e+03 
1.528200e-01 5.623635e+03 
1.540200e-01 5.565254e+03 
1.551900e-01 5.510510e+03 
1.564300e-01 5.453855e+03 
1.576600e-01 5.398829e+03 
1.588700e-01 5.345829e+03 
1.600900e-01 5.293420e+03 
1.612700e-01 5.244308e+03 
1.625400e-01 5.192424e+03 
1.637600e-01 5.143127e+03 
1.649500e-01 5.095678e+03 
1.662200e-01 5.045916e+03 
1.674000e-01 5.000280e+03 
1.685000e-01 4.958444e+03 
1.697500e-01 4.911425e+03 
1.710300e-01 4.863867e+03 
1.722200e-01 4.820430e+03 
1.734400e-01 4.775988e+03 
1.746400e-01 4.732988e+03 
1.758700e-01 4.689457e+03 
1.770900e-01 4.646598e+03 
1.782700e-01 4.605830e+03 
1.794600e-01 4.565073e+03 
1.807000e-01 4.523097e+03 
1.819100e-01 4.482813e+03 
1.830100e-01 4.446892e+03 
1.842200e-01 4.408011e+03 
1.855000e-01 4.367576e+03 
1.867000e-01 4.330703e+03 
1.879200e-01 4.293807e+03 
1.890900e-01 4.258967e+03 
1.902800e-01 4.224050e+03 
1.915200e-01 4.188231e+03 
1.926900e-01 4.155077e+03 
1.939000e-01 4.121708e+03 
1.951700e-01 4.087229e+03 
1.963100e-01 4.056862e+03 
1.975100e-01 4.025673e+03 
1.987800e-01 3.993168e+03 
2.000100e-01 3.962200e+03 
2.012500e-01 3.931526e+03 
2.023400e-01 3.904942e+03 
2.036100e-01 3.874426e+03 
2.048900e-01 3.844210e+03 
2.060400e-01 3.817454e+03 
2.072200e-01 3.790385e+03 
2.084200e-01 3.763334e+03 
2.096900e-01 3.735117e+03 
2.109200e-01 3.708185e+03 
2.121100e-01 3.682347e+03 
2.132700e-01 3.657493e+03 
2.145200e-01 3.631078e+03 
2.157200e-01 3.606014e+03 
2.168800e-01 3.582081e+03 
2.180700e-01 3.557853e+03 
2.193400e-01 3.532315e+03 
2.206000e-01 3.507267e+03 
2.217500e-01 3.484710e+03 
2.229500e-01 3.461475e+03 
2.241400e-01 3.438699e+03 
2.253500e-01 3.415841e+03 
2.264900e-01 3.394578e+03 
2.277100e-01 3.372296e+03 
2.289900e-01 3.349433e+03 
2.301500e-01 3.328983e+03 
2.313600e-01 3.307918e+03 
2.325600e-01 3.287247e+03 
2.337700e-01 3.266667e+03 
2.350000e-01 3.246012e+03 
2.362000e-01 3.226271e+03 
2.374100e-01 3.206798e+03 
2.386500e-01 3.187094e+03 
2.399100e-01 3.167327e+03 
2.410400e-01 3.149740e+03 
2.422500e-01 3.131121e+03 
2.435000e-01 3.112124e+03 
2.447300e-01 3.093757e+03 
2.458700e-01 3.077306e+03 
2.470600e-01 3.060333e+03 
2.483300e-01 3.042439e+03 
2.495600e-01 3.025282e+03 
2.507600e-01 3.008688e+03 
2.519600e-01 2.992288e+03 
2.532200e-01 2.975273e+03 
2.543700e-01 2.959966e+03 
2.555500e-01 2.944463e+03 
2.568000e-01 2.928231e+03 
2.580100e-01 2.912702e+03 
2.592400e-01 2.897157e+03 
2.604100e-01 2.882562e+03 
2.616100e-01 2.867760e+03 
2.628400e-01 2.852759e+03 
2.640600e-01 2.838099e+03 
2.652200e-01 2.824333e+03 
2.664300e-01 2.810131e+03 
2.676500e-01 2.795971e+03 
2.688400e-01 2.782166e+03 
2.700700e-01 2.767962e+03 
2.712400e-01 2.754599e+03 
2.724800e-01 2.740589e+03 
2.736700e-01 2.727329e+03 
2.748800e-01 2.714031e+03 
2.761000e-01 2.700767e+03 
2.773200e-01 2.687648e+03 
2.785400e-01 2.674604e+03 
2.797000e-01 2.662194e+03 
2.808900e-01 2.649594e+03 
2.821400e-01 2.636499e+03 
2.833900e-01 2.623545e+03 
2.845500e-01 2.611606e+03 
2.857800e-01 2.599077e+03 
2.870300e-01 2.586480e+03 
2.882100e-01 2.574712e+03 
2.893900e-01 2.562949e+03 
2.906300e-01 2.550655e+03 
2.918900e-01 2.538294e+03 
2.930500e-01 2.527029e+03 
2.942500e-01 2.515509e+03 
2.954200e-01 2.504444e+03 
2.966500e-01 2.492928e+03 
2.978900e-01 2.481437e+03 
2.990400e-01 2.470884e+03 
3.002700e-01 2.459585e+03 
3.015100e-01 2.448249e+03 
3.026800e-01 2.437658e+03 
3.038500e-01 2.427167e+03 
3.050300e-01 2.416688e+03 
3.062600e-01 2.405957e+03 
3.075000e-01 2.395245e+03 
3.087000e-01 2.384980e+03 
3.099100e-01 2.374728e+03 
3.111200e-01 2.364551e+03 
3.123100e-01 2.354598e+03 
3.135300e-01 2.344490e+03 
3.147300e-01 2.334642e+03 
3.159900e-01 2.324400e+03 
3.171800e-01 2.314788e+03 
3.183700e-01 2.305243e+03 
3.196300e-01 2.295232e+03 
3.208400e-01 2.285710e+03 
3.220300e-01 2.276431e+03 
3.232000e-01 2.267424e+03 
3.244300e-01 2.258056e+03 
3.256700e-01 2.248700e+03 
3.269200e-01 2.239357e+03 
3.280800e-01 2.230765e+03 
3.292500e-01 2.222198e+03 
3.304800e-01 2.213279e+03 
3.317100e-01 2.204441e+03 
3.328900e-01 2.196039e+03 
3.340700e-01 2.187710e+03 
3.353600e-01 2.178711e+03 
3.365300e-01 2.170633e+03 
3.377100e-01 2.162556e+03 
3.389200e-01 2.154345e+03 
3.401600e-01 2.146006e+03 
3.413700e-01 2.137952e+03 
3.425300e-01 2.130304e+03 
3.437700e-01 2.122200e+03 
3.449800e-01 2.114361e+03 
3.461800e-01 2.106655e+03 
3.473600e-01 2.099146e+03 
3.485800e-01 2.091465e+03 
3.498100e-01 2.083788e+03 
3.510200e-01 2.076301e+03 
3.522000e-01 2.069060e+03 
3.533900e-01 2.061820e+03 
3.546400e-01 2.054365e+03 
3.558400e-01 2.047274e+03 
3.570600e-01 2.040126e+03 
3.582700e-01 2.033096e+03 
3.595000e-01 2.026011e+03 
3.607100e-01 2.019062e+03 
3.618900e-01 2.012311e+03 
3.631200e-01 2.005333e+03 
3.643200e-01 1.998581e+03 
3.655500e-01 1.991718e+03 
3.667300e-01 1.985187e+03 
3.679500e-01 1.978487e+03 
3.691900e-01 1.971733e+03 
3.703600e-01 1.965412e+03 
3.715700e-01 1.958927e+03 
3.727700e-01 1.952547e+03 
3.739900e-01 1.946122e+03 
3.752000e-01 1.939816e+03 
3.763900e-01 1.933663e+03 
3.775800e-01 1.927559e+03 
3.788200e-01 1.921250e+03 
3.800300e-01 1.915142e+03 
3.812100e-01 1.909228e+03 
3.824200e-01 1.903206e+03 
3.836100e-01 1.897330e+03 
3.848600e-01 1.891207e+03 
3.860400e-01 1.885473e+03 
3.872400e-01 1.879686e+03 
3.884600e-01 1.873860e+03 
3.896500e-01 1.868225e+03 
3.908700e-01 1.862493e+03 
3.920600e-01 1.856945e+03 
3.933100e-01 1.851162e+03 
3.945300e-01 1.845563e+03 
3.957200e-01 1.840092e+03 
3.969300e-01 1.834557e+03 
3.981700e-01 1.828928e+03 
3.993500e-01 1.823612e+03 
4.094840e-01 1.779583e+03 
4.272360e-01 1.707862e+03 
4.454600e-01 1.640253e+03 
4.630560e-01 1.580234e+03 
4.804610e-01 1.524771e+03 
4.980690e-01 1.472947e+03 
5.159230e-01 1.423631e+03 
5.317440e-01 1.382876e+03 
5.489640e-01 1.340968e+03 
5.671990e-01 1.299290e+03 
5.838690e-01 1.263496e+03 
6.018840e-01 1.227040e+03 
6.202330e-01 1.191684e+03 
6.379250e-01 1.159721e+03 
6.545410e-01 1.131004e+03 
6.714560e-01 1.103159e+03 
6.892080e-01 1.075185e+03 
7.066010e-01 1.049146e+03 
7.240540e-01 1.024056e+03 
7.420450e-01 9.990815e+02 
7.593780e-01 9.761757e+02 
7.764720e-01 9.542385e+02 
7.942840e-01 9.322195e+02 
8.116170e-01 9.116672e+02 
8.288310e-01 8.918429e+02 
8.462240e-01 8.725331e+02 
8.631980e-01 8.542004e+02 
8.810700e-01 8.355320e+02 
8.989410e-01 8.174728e+02 
9.166330e-01 8.002002e+02 
9.345640e-01 7.831056e+02 
9.515980e-01 7.673718e+02 
9.688720e-01 7.518601e+02 
9.865640e-01 7.363969e+02 
1.031870e+00 6.988353e+02 
1.063490e+00 6.742078e+02 
1.097920e+00 6.485561e+02 
1.134370e+00 6.229233e+02 
1.167730e+00 6.007685e+02 
1.203830e+00 5.778483e+02 
1.240470e+00 5.559009e+02 
1.275790e+00 5.357334e+02 
1.309140e+00 5.176050e+02 
1.342970e+00 5.000747e+02 
1.378420e+00 4.825721e+02 
1.413200e+00 4.662515e+02 
1.448110e+00 4.506141e+02 
1.484090e+00 4.352463e+02 
1.518820e+00 4.210883e+02 
1.552880e+00 4.078720e+02 
1.588630e+00 3.945771e+02 
1.623230e+00 3.822612e+02 
1.657720e+00 3.705411e+02 
1.692450e+00 3.592519e+02 
1.726400e+00 3.486691e+02 
1.762200e+00 3.380299e+02 
1.797880e+00 3.278174e+02 
1.833270e+00 3.181559e+02 
1.869070e+00 3.087746e+02 
1.903200e+00 3.001829e+02 
1.937740e+00 2.918153e+02 
1.973190e+00 2.835758e+02 
2.007440e+00 2.759555e+02 
2.042160e+00 2.685141e+02 
2.077900e+00 2.611368e+02 
2.112390e+00 2.542785e+02 
2.146220e+00 2.478334e+02 
2.181600e+00 2.412871e+02 
2.216930e+00 2.350116e+02 
2.250760e+00 2.292456e+02 
2.286500e+00 2.233663e+02 
2.321770e+00 2.177453e+02 
2.355950e+00 2.125116e+02 
2.391280e+00 2.072777e+02 
2.426240e+00 2.022716e+02 
2.460670e+00 1.975154e+02 
2.495640e+00 1.928586e+02 
2.531080e+00 1.882574e+02 
2.566220e+00 1.838647e+02 
2.600830e+00 1.796944e+02 
2.635080e+00 1.757117e+02 
2.670340e+00 1.717035e+02 
2.705970e+00 1.677978e+02 
2.740040e+00 1.641869e+02 
2.774520e+00 1.606362e+02 
2.809730e+00 1.571346e+02 
2.844390e+00 1.537972e+02 
2.879960e+00 1.504698e+02 
2.914860e+00 1.472990e+02 
2.949410e+00 1.442512e+02 
2.984440e+00 1.412449e+02 
3.019760e+00 1.383119e+02 
3.054730e+00 1.354981e+02 
3.089030e+00 1.328104e+02 
3.124060e+00 1.301490e+02 
3.159560e+00 1.275360e+02 
3.194710e+00 1.250165e+02 
3.229010e+00 1.226247e+02 
3.263320e+00 1.202913e+02 
3.297930e+00 1.180046e+02 
3.332830e+00 1.157673e+02 
3.368040e+00 1.135682e+02 
3.403300e+00 1.114233e+02 
3.438450e+00 1.093486e+02 
3.473060e+00 1.073614e+02 
3.508440e+00 1.053773e+02 
3.543110e+00 1.034830e+02 
3.577470e+00 1.016497e+02 
3.613040e+00 9.980205e+01 
3.648120e+00 9.803120e+01 
3.682910e+00 9.631762e+01 
3.718050e+00 9.462702e+01 
3.753320e+00 9.297488e+01 
3.787980e+00 9.139465e+01 
3.822290e+00 8.986650e+01 
3.857020e+00 8.835431e+01 
3.891920e+00 8.687284e+01 
3.926650e+00 8.543683e+01 
3.961970e+00 8.400986e+01 
3.997360e+00 8.261138e+01 
4.031670e+00 8.128792e+01 
4.066330e+00 7.998563e+01 
4.101420e+00 7.869734e+01 
4.136200e+00 7.745371e+01 
4.170810e+00 7.624369e+01 
4.206250e+00 7.502996e+01 
4.241580e+00 7.384662e+01 
4.276300e+00 7.270743e+01 
4.310970e+00 7.159346e+01 
4.346120e+00 7.049012e+01 
4.380600e+00 6.943369e+01 
4.414730e+00 6.840996e+01 
4.450350e+00 6.736833e+01 
4.485320e+00 6.636733e+01 
4.519810e+00 6.539902e+01 
4.555430e+00 6.441905e+01 
4.590870e+00 6.346551e+01 
4.625480e+00 6.255566e+01 
4.659910e+00 6.166862e+01 
4.695230e+00 6.078029e+01 
4.729960e+00 5.992475e+01 
4.764450e+00 5.909104e+01 
4.799530e+00 5.825845e+01 
4.834910e+00 5.743527e+01 
4.869700e+00 5.664441e+01 
4.904370e+00 5.587183e+01 
4.939450e+00 5.510458e+01 
4.973940e+00 5.436335e+01 
5.008430e+00 5.363596e+01 
5.043810e+00 5.290577e+01 
5.078840e+00 5.219751e+01 
5.113500e+00 5.150969e+01 
5.148890e+00 5.082307e+01 
5.184210e+00 5.015059e+01 
5.219060e+00 4.949881e+01 
5.253660e+00 4.886231e+01 
5.288570e+00 4.823159e+01 
5.323420e+00 4.761443e+01 
5.358440e+00 4.700667e+01 
5.393590e+00 4.640743e+01 
5.428310e+00 4.582752e+01 
5.462800e+00 4.526223e+01 
5.497640e+00 4.470100e+01 
5.532670e+00 4.414550e+01 
5.567280e+00 4.360574e+01 
5.602000e+00 4.307340e+01 
5.637270e+00 4.254361e+01 
5.672410e+00 4.202512e+01 
5.707020e+00 4.152297e+01 
5.742040e+00 4.102511e+01 
5.777430e+00 4.053074e+01 
5.812210e+00 4.005288e+01 
5.846820e+00 3.958425e+01 
5.881610e+00 3.912058e+01 
5.916510e+00 3.866294e+01 
5.951600e+00 3.820969e+01 
5.986560e+00 3.776514e+01 
6.021830e+00 3.732383e+01 
6.056490e+00 3.689798e+01 
6.091160e+00 3.647948e+01 
6.125830e+00 3.606748e+01 
6.161090e+00 3.565554e+01 
6.195760e+00 3.525792e+01 
6.230420e+00 3.486648e+01 
6.265690e+00 3.447424e+01 
6.300950e+00 3.408762e+01 
6.335620e+00 3.371324e+01 
6.370880e+00 3.333824e+01 
6.405550e+00 3.297610e+01 
6.440220e+00 3.261976e+01 
6.475480e+00 3.226273e+01 
6.510150e+00 3.191671e+01 
6.544810e+00 3.157547e+01 
6.580080e+00 3.123332e+01 
6.614750e+00 3.090190e+01 
6.649410e+00 3.057659e+01 
6.684080e+00 3.025610e+01 
6.719340e+00 2.993484e+01 
6.754010e+00 2.962332e+01 
6.788680e+00 2.931582e+01 
6.823940e+00 2.900752e+01 
6.859800e+00 2.869849e+01 
6.894470e+00 2.840364e+01 
6.929140e+00 2.811277e+01 
6.963800e+00 2.782601e+01 
6.999070e+00 2.753834e+01 
7.033730e+00 2.726072e+01 
7.068400e+00 2.698681e+01 
7.103660e+00 2.671205e+01 
7.138330e+00 2.644545e+01 
7.173600e+00 2.617769e+01 
7.208260e+00 2.591812e+01 
7.243530e+00 2.565753e+01 
7.277600e+00 2.540976e+01 
7.312860e+00 2.515727e+01 
7.348120e+00 2.490816e+01 
7.382790e+00 2.466645e+01 
7.417460e+00 2.442768e+01 
7.452720e+00 2.418793e+01 
7.487390e+00 2.395527e+01 
7.522650e+00 2.372172e+01 
7.557320e+00 2.349489e+01 
7.591990e+00 2.327089e+01 
7.627250e+00 2.304600e+01 
7.662510e+00 2.282403e+01 
7.697180e+00 2.260838e+01 
7.731850e+00 2.239538e+01 
7.766510e+00 2.218512e+01 
7.801180e+00 2.197743e+01 
7.836440e+00 2.176949e+01 
7.871110e+00 2.156799e+01 
7.906380e+00 2.136556e+01 
7.941040e+00 2.116909e+01 
7.976310e+00 2.097101e+01 
8.011570e+00 2.077472e+01 
8.046240e+00 2.058408e+01 
8.080900e+00 2.039582e+01 
8.115570e+00 2.020997e+01 
8.150830e+00 2.002401e+01 
8.185500e+00 1.984337e+01 
8.220770e+00 1.966182e+01 
8.255430e+00 1.948555e+01 
8.290100e+00 1.931212e+01 
8.324770e+00 1.914084e+01 
8.359430e+00 1.897161e+01 
8.394700e+00 1.880144e+01 
8.429960e+00 1.863281e+01 
8.464630e+00 1.846841e+01 
8.499890e+00 1.830318e+01 
8.534560e+00 1.814262e+01 
8.569200e+00 1.798404e+01 
